# ESO-u35_rebin
# photon
# from FILTER.RES.DR34.latest
3.02500e+03 0.00000e+00
3.03500e+03 0.00000e+00
3.04500e+03 4.82768e-03
3.05500e+03 6.77721e-03
3.06500e+03 9.87263e-03
3.07500e+03 1.34741e-02
3.08500e+03 1.75141e-02
3.09500e+03 2.21742e-02
3.10500e+03 2.78888e-02
3.11500e+03 3.48945e-02
3.12500e+03 4.30022e-02
3.13500e+03 5.13414e-02
3.14500e+03 5.95978e-02
3.15500e+03 6.89643e-02
3.16500e+03 7.94362e-02
3.17500e+03 9.06057e-02
3.18500e+03 1.03210e-01
3.19500e+03 1.16695e-01
3.20500e+03 1.31636e-01
3.21500e+03 1.47937e-01
3.22500e+03 1.64907e-01
3.23500e+03 1.82272e-01
3.24500e+03 1.99651e-01
3.25500e+03 2.17013e-01
3.26500e+03 2.34017e-01
3.27500e+03 2.51732e-01
3.28500e+03 2.71054e-01
3.29500e+03 2.91832e-01
3.30500e+03 3.13480e-01
3.31500e+03 3.34869e-01
3.32500e+03 3.54768e-01
3.33500e+03 3.71761e-01
3.34500e+03 3.85608e-01
3.35500e+03 3.97487e-01
3.36500e+03 4.09123e-01
3.37500e+03 4.23068e-01
3.38500e+03 4.41896e-01
3.39500e+03 4.65789e-01
3.40500e+03 4.92738e-01
3.41500e+03 5.20855e-01
3.42500e+03 5.48247e-01
3.43500e+03 5.74239e-01
3.44500e+03 5.98958e-01
3.45500e+03 6.25063e-01
3.46500e+03 6.54037e-01
3.47500e+03 6.84518e-01
3.48500e+03 7.15917e-01
3.49500e+03 7.47155e-01
3.50500e+03 7.74457e-01
3.51500e+03 7.97026e-01
3.52500e+03 8.17345e-01
3.53500e+03 8.36448e-01
3.54500e+03 8.55101e-01
3.55500e+03 8.73329e-01
3.56500e+03 8.92278e-01
3.57500e+03 9.11671e-01
3.58500e+03 9.31623e-01
3.59500e+03 9.50705e-01
3.60500e+03 9.67747e-01
3.61500e+03 9.81007e-01
3.62500e+03 9.90447e-01
3.63500e+03 9.96264e-01
3.64500e+03 9.99204e-01
3.65500e+03 1.00000e+00
3.66500e+03 9.99092e-01
3.67500e+03 9.96404e-01
3.68500e+03 9.90121e-01
3.69500e+03 9.78200e-01
3.70500e+03 9.59319e-01
3.71500e+03 9.32751e-01
3.72500e+03 9.00595e-01
3.73500e+03 8.65602e-01
3.74500e+03 8.30563e-01
3.75500e+03 7.94805e-01
3.76500e+03 7.56018e-01
3.77500e+03 7.12822e-01
3.78500e+03 6.64948e-01
3.79500e+03 6.12622e-01
3.80500e+03 5.53682e-01
3.81500e+03 4.90200e-01
3.82500e+03 4.26527e-01
3.83500e+03 3.64122e-01
3.84500e+03 3.04350e-01
3.85500e+03 2.49187e-01
3.86500e+03 1.99498e-01
3.87500e+03 1.55517e-01
3.88500e+03 1.17846e-01
3.89500e+03 8.67564e-02
3.90500e+03 6.18712e-02
3.91500e+03 4.27199e-02
3.92500e+03 2.85120e-02
3.93500e+03 1.83353e-02
3.94500e+03 1.13682e-02
3.95500e+03 6.83074e-03
3.96500e+03 4.04672e-03
3.97500e+03 2.28735e-03
3.98500e+03 1.20258e-03
3.99500e+03 6.07144e-04
4.00500e+03 1.20902e-04
4.01500e+03 0.00000e+00
4.02500e+03 0.00000e+00
4.03500e+03 0.00000e+00
4.04500e+03 0.00000e+00
4.05500e+03 0.00000e+00
4.06500e+03 0.00000e+00
4.07500e+03 0.00000e+00
4.08500e+03 0.00000e+00
4.09500e+03 0.00000e+00
4.10500e+03 0.00000e+00
4.11500e+03 0.00000e+00
4.12500e+03 0.00000e+00
4.13500e+03 0.00000e+00
4.14500e+03 0.00000e+00
4.15500e+03 0.00000e+00
4.16500e+03 0.00000e+00
4.17500e+03 0.00000e+00
4.18500e+03 0.00000e+00
4.19500e+03 0.00000e+00
4.20500e+03 0.00000e+00
4.21500e+03 0.00000e+00
4.22500e+03 0.00000e+00
4.23500e+03 0.00000e+00
4.24500e+03 0.00000e+00
4.25500e+03 0.00000e+00
4.26500e+03 0.00000e+00
4.27500e+03 0.00000e+00
4.28500e+03 0.00000e+00
4.29500e+03 0.00000e+00
4.30500e+03 0.00000e+00
4.31500e+03 0.00000e+00
4.32500e+03 0.00000e+00
4.33500e+03 0.00000e+00
4.34500e+03 0.00000e+00
4.35500e+03 0.00000e+00
4.36500e+03 0.00000e+00
4.37500e+03 0.00000e+00
4.38500e+03 0.00000e+00
4.39500e+03 0.00000e+00
4.40500e+03 0.00000e+00
4.41500e+03 0.00000e+00
4.42500e+03 0.00000e+00
4.43500e+03 0.00000e+00
4.44500e+03 0.00000e+00
4.45500e+03 0.00000e+00
4.46500e+03 0.00000e+00
4.47500e+03 0.00000e+00
4.48500e+03 0.00000e+00
4.49500e+03 0.00000e+00
4.50500e+03 0.00000e+00
4.51500e+03 0.00000e+00
4.52500e+03 0.00000e+00
4.53500e+03 0.00000e+00
4.54500e+03 0.00000e+00
4.55500e+03 0.00000e+00
4.56500e+03 0.00000e+00
4.57500e+03 0.00000e+00
4.58500e+03 0.00000e+00
4.59500e+03 0.00000e+00
4.60500e+03 0.00000e+00
4.61500e+03 0.00000e+00
4.62500e+03 0.00000e+00
4.63500e+03 0.00000e+00
4.64500e+03 0.00000e+00
4.65500e+03 0.00000e+00
4.66500e+03 0.00000e+00
4.67500e+03 0.00000e+00
4.68500e+03 0.00000e+00
4.69500e+03 0.00000e+00
4.70500e+03 0.00000e+00
4.71500e+03 0.00000e+00
4.72500e+03 0.00000e+00
4.73500e+03 0.00000e+00
4.74500e+03 0.00000e+00
4.75500e+03 0.00000e+00
4.76500e+03 0.00000e+00
4.77500e+03 0.00000e+00
4.78500e+03 0.00000e+00
4.79500e+03 0.00000e+00
4.80500e+03 0.00000e+00
4.81500e+03 0.00000e+00
4.82500e+03 0.00000e+00
4.83500e+03 0.00000e+00
4.84500e+03 0.00000e+00
4.85500e+03 0.00000e+00
4.86500e+03 0.00000e+00
4.87500e+03 0.00000e+00
4.88500e+03 0.00000e+00
4.89500e+03 0.00000e+00
4.90500e+03 0.00000e+00
4.91500e+03 0.00000e+00
4.92500e+03 0.00000e+00
4.93500e+03 0.00000e+00
4.94500e+03 0.00000e+00
4.95500e+03 0.00000e+00
4.96500e+03 0.00000e+00
4.97500e+03 0.00000e+00
4.98500e+03 0.00000e+00
4.99500e+03 0.00000e+00
5.00500e+03 0.00000e+00
5.01500e+03 0.00000e+00
5.02500e+03 0.00000e+00
5.03500e+03 0.00000e+00
5.04500e+03 0.00000e+00
5.05500e+03 0.00000e+00
5.06500e+03 0.00000e+00
5.07500e+03 0.00000e+00
5.08500e+03 0.00000e+00
5.09500e+03 0.00000e+00
5.10500e+03 0.00000e+00
5.11500e+03 0.00000e+00
5.12500e+03 0.00000e+00
5.13500e+03 0.00000e+00
5.14500e+03 0.00000e+00
5.15500e+03 0.00000e+00
5.16500e+03 0.00000e+00
5.17500e+03 0.00000e+00
5.18500e+03 0.00000e+00
5.19500e+03 0.00000e+00
5.20500e+03 0.00000e+00
5.21500e+03 0.00000e+00
5.22500e+03 0.00000e+00
5.23500e+03 0.00000e+00
5.24500e+03 0.00000e+00
5.25500e+03 0.00000e+00
5.26500e+03 0.00000e+00
5.27500e+03 0.00000e+00
5.28500e+03 0.00000e+00
5.29500e+03 0.00000e+00
5.30500e+03 0.00000e+00
5.31500e+03 0.00000e+00
5.32500e+03 0.00000e+00
5.33500e+03 0.00000e+00
5.34500e+03 0.00000e+00
5.35500e+03 0.00000e+00
5.36500e+03 0.00000e+00
5.37500e+03 0.00000e+00
5.38500e+03 0.00000e+00
5.39500e+03 0.00000e+00
5.40500e+03 0.00000e+00
5.41500e+03 0.00000e+00
5.42500e+03 0.00000e+00
5.43500e+03 0.00000e+00
5.44500e+03 0.00000e+00
5.45500e+03 0.00000e+00
5.46500e+03 0.00000e+00
5.47500e+03 0.00000e+00
5.48500e+03 0.00000e+00
5.49500e+03 0.00000e+00
5.50500e+03 0.00000e+00
5.51500e+03 0.00000e+00
5.52500e+03 0.00000e+00
5.53500e+03 0.00000e+00
5.54500e+03 0.00000e+00
5.55500e+03 0.00000e+00
5.56500e+03 0.00000e+00
5.57500e+03 0.00000e+00
5.58500e+03 0.00000e+00
5.59500e+03 0.00000e+00
5.60500e+03 0.00000e+00
5.61500e+03 0.00000e+00
5.62500e+03 0.00000e+00
5.63500e+03 0.00000e+00
5.64500e+03 0.00000e+00
5.65500e+03 0.00000e+00
5.66500e+03 0.00000e+00
5.67500e+03 0.00000e+00
5.68500e+03 0.00000e+00
5.69500e+03 0.00000e+00
5.70500e+03 0.00000e+00
5.71500e+03 0.00000e+00
5.72500e+03 0.00000e+00
5.73500e+03 0.00000e+00
5.74500e+03 0.00000e+00
5.75500e+03 0.00000e+00
5.76500e+03 0.00000e+00
5.77500e+03 0.00000e+00
5.78500e+03 0.00000e+00
5.79500e+03 0.00000e+00
5.80500e+03 0.00000e+00
5.81500e+03 0.00000e+00
5.82500e+03 0.00000e+00
5.83500e+03 0.00000e+00
5.84500e+03 0.00000e+00
5.85500e+03 0.00000e+00
5.86500e+03 0.00000e+00
5.87500e+03 0.00000e+00
5.88500e+03 0.00000e+00
5.89500e+03 0.00000e+00
5.90500e+03 0.00000e+00
5.91500e+03 0.00000e+00
5.92500e+03 0.00000e+00
5.93500e+03 0.00000e+00
5.94500e+03 0.00000e+00
5.95500e+03 0.00000e+00
5.96500e+03 0.00000e+00
5.97500e+03 0.00000e+00
5.98500e+03 0.00000e+00
5.99500e+03 0.00000e+00
6.00500e+03 0.00000e+00
6.01500e+03 0.00000e+00
6.02500e+03 0.00000e+00
6.03500e+03 0.00000e+00
6.04500e+03 0.00000e+00
6.05500e+03 0.00000e+00
6.06500e+03 0.00000e+00
6.07500e+03 0.00000e+00
6.08500e+03 0.00000e+00
6.09500e+03 0.00000e+00
6.10500e+03 0.00000e+00
6.11500e+03 0.00000e+00
6.12500e+03 0.00000e+00
6.13500e+03 0.00000e+00
6.14500e+03 0.00000e+00
6.15500e+03 0.00000e+00
6.16500e+03 0.00000e+00
6.17500e+03 0.00000e+00
6.18500e+03 0.00000e+00
6.19500e+03 0.00000e+00
6.20500e+03 0.00000e+00
6.21500e+03 0.00000e+00
6.22500e+03 0.00000e+00
6.23500e+03 0.00000e+00
6.24500e+03 0.00000e+00
6.25500e+03 0.00000e+00
6.26500e+03 0.00000e+00
6.27500e+03 0.00000e+00
6.28500e+03 0.00000e+00
6.29500e+03 0.00000e+00
6.30500e+03 0.00000e+00
6.31500e+03 0.00000e+00
6.32500e+03 0.00000e+00
6.33500e+03 0.00000e+00
6.34500e+03 0.00000e+00
6.35500e+03 0.00000e+00
6.36500e+03 0.00000e+00
6.37500e+03 0.00000e+00
6.38500e+03 0.00000e+00
6.39500e+03 0.00000e+00
6.40500e+03 0.00000e+00
6.41500e+03 0.00000e+00
6.42500e+03 0.00000e+00
6.43500e+03 0.00000e+00
6.44500e+03 0.00000e+00
6.45500e+03 0.00000e+00
6.46500e+03 0.00000e+00
6.47500e+03 0.00000e+00
6.48500e+03 0.00000e+00
6.49500e+03 0.00000e+00
6.50500e+03 0.00000e+00
6.51500e+03 0.00000e+00
6.52500e+03 0.00000e+00
6.53500e+03 0.00000e+00
6.54500e+03 0.00000e+00
6.55500e+03 0.00000e+00
6.56500e+03 0.00000e+00
6.57500e+03 0.00000e+00
6.58500e+03 0.00000e+00
6.59500e+03 0.00000e+00
6.60500e+03 0.00000e+00
6.61500e+03 0.00000e+00
6.62500e+03 0.00000e+00
6.63500e+03 0.00000e+00
6.64500e+03 0.00000e+00
6.65500e+03 0.00000e+00
6.66500e+03 0.00000e+00
6.67500e+03 0.00000e+00
6.68500e+03 0.00000e+00
6.69500e+03 0.00000e+00
6.70500e+03 0.00000e+00
6.71500e+03 0.00000e+00
6.72500e+03 0.00000e+00
6.73500e+03 0.00000e+00
6.74500e+03 0.00000e+00
6.75500e+03 0.00000e+00
6.76500e+03 0.00000e+00
6.77500e+03 0.00000e+00
6.78500e+03 0.00000e+00
6.79500e+03 0.00000e+00
6.80500e+03 0.00000e+00
6.81500e+03 0.00000e+00
6.82500e+03 0.00000e+00
6.83500e+03 0.00000e+00
6.84500e+03 0.00000e+00
6.85500e+03 0.00000e+00
6.86500e+03 0.00000e+00
6.87500e+03 0.00000e+00
6.88500e+03 0.00000e+00
6.89500e+03 0.00000e+00
6.90500e+03 0.00000e+00
6.91500e+03 0.00000e+00
6.92500e+03 0.00000e+00
6.93500e+03 0.00000e+00
6.94500e+03 0.00000e+00
6.95500e+03 0.00000e+00
6.96500e+03 0.00000e+00
6.97500e+03 0.00000e+00
6.98500e+03 0.00000e+00
6.99500e+03 0.00000e+00
7.00500e+03 0.00000e+00
7.01500e+03 0.00000e+00
7.02500e+03 0.00000e+00
7.03500e+03 0.00000e+00
7.04500e+03 0.00000e+00
7.05500e+03 0.00000e+00
7.06500e+03 0.00000e+00
7.07500e+03 0.00000e+00
7.08500e+03 0.00000e+00
7.09500e+03 0.00000e+00
7.10500e+03 0.00000e+00
7.11500e+03 0.00000e+00
7.12500e+03 0.00000e+00
7.13500e+03 0.00000e+00
7.14500e+03 0.00000e+00
7.15500e+03 0.00000e+00
7.16500e+03 0.00000e+00
7.17500e+03 0.00000e+00
7.18500e+03 0.00000e+00
7.19500e+03 0.00000e+00
7.20500e+03 0.00000e+00
7.21500e+03 0.00000e+00
7.22500e+03 0.00000e+00
7.23500e+03 0.00000e+00
7.24500e+03 0.00000e+00
7.25500e+03 0.00000e+00
7.26500e+03 0.00000e+00
7.27500e+03 0.00000e+00
7.28500e+03 0.00000e+00
7.29500e+03 0.00000e+00
7.30500e+03 0.00000e+00
7.31500e+03 0.00000e+00
7.32500e+03 0.00000e+00
7.33500e+03 0.00000e+00
7.34500e+03 0.00000e+00
7.35500e+03 0.00000e+00
7.36500e+03 0.00000e+00
7.37500e+03 0.00000e+00
7.38500e+03 0.00000e+00
7.39500e+03 0.00000e+00
7.40500e+03 0.00000e+00
7.41500e+03 0.00000e+00
7.42500e+03 0.00000e+00
7.43500e+03 0.00000e+00
7.44500e+03 0.00000e+00
7.45500e+03 0.00000e+00
7.46500e+03 0.00000e+00
7.47500e+03 0.00000e+00
7.48500e+03 0.00000e+00
7.49500e+03 0.00000e+00
7.50500e+03 0.00000e+00
7.51500e+03 0.00000e+00
7.52500e+03 0.00000e+00
7.53500e+03 0.00000e+00
7.54500e+03 0.00000e+00
7.55500e+03 0.00000e+00
7.56500e+03 0.00000e+00
7.57500e+03 0.00000e+00
7.58500e+03 0.00000e+00
7.59500e+03 0.00000e+00
7.60500e+03 0.00000e+00
7.61500e+03 0.00000e+00
7.62500e+03 0.00000e+00
7.63500e+03 0.00000e+00
7.64500e+03 0.00000e+00
7.65500e+03 0.00000e+00
7.66500e+03 0.00000e+00
7.67500e+03 0.00000e+00
7.68500e+03 0.00000e+00
7.69500e+03 0.00000e+00
7.70500e+03 0.00000e+00
7.71500e+03 0.00000e+00
7.72500e+03 0.00000e+00
7.73500e+03 0.00000e+00
7.74500e+03 0.00000e+00
7.75500e+03 0.00000e+00
7.76500e+03 0.00000e+00
7.77500e+03 0.00000e+00
7.78500e+03 0.00000e+00
7.79500e+03 0.00000e+00
7.80500e+03 0.00000e+00
7.81500e+03 0.00000e+00
7.82500e+03 0.00000e+00
7.83500e+03 0.00000e+00
7.84500e+03 0.00000e+00
7.85500e+03 0.00000e+00
7.86500e+03 0.00000e+00
7.87500e+03 0.00000e+00
7.88500e+03 0.00000e+00
7.89500e+03 0.00000e+00
7.90500e+03 0.00000e+00
7.91500e+03 0.00000e+00
7.92500e+03 0.00000e+00
7.93500e+03 0.00000e+00
7.94500e+03 0.00000e+00
7.95500e+03 0.00000e+00
7.96500e+03 0.00000e+00
7.97500e+03 7.84560e-11
7.98500e+03 3.19441e-06
7.99500e+03 9.52021e-06
8.00500e+03 1.87754e-05
8.01500e+03 3.11759e-05
8.02500e+03 4.34758e-05
8.03500e+03 5.56538e-05
8.04500e+03 6.77402e-05
8.05500e+03 7.97020e-05
8.06500e+03 9.15789e-05
8.07500e+03 1.03324e-04
8.08500e+03 1.14940e-04
8.09500e+03 1.26324e-04
8.10500e+03 1.37181e-04
8.11500e+03 1.46912e-04
8.12500e+03 1.56498e-04
8.13500e+03 1.65809e-04
8.14500e+03 1.75353e-04
8.15500e+03 1.85694e-04
8.16500e+03 1.96052e-04
8.17500e+03 2.06244e-04
8.18500e+03 2.16388e-04
8.19500e+03 2.26371e-04
8.20500e+03 2.36309e-04
8.21500e+03 2.46086e-04
8.22500e+03 2.55817e-04
8.23500e+03 2.65381e-04
8.24500e+03 2.74818e-04
8.25500e+03 2.82864e-04
8.26500e+03 2.90392e-04
8.27500e+03 2.97097e-04
8.28500e+03 3.03411e-04
8.29500e+03 3.10415e-04
8.30500e+03 3.17887e-04
8.31500e+03 3.26093e-04
8.32500e+03 3.35028e-04
8.33500e+03 3.43851e-04
8.34500e+03 3.52507e-04
8.35500e+03 3.60319e-04
8.36500e+03 3.66276e-04
8.37500e+03 3.72128e-04
8.38500e+03 3.77854e-04
8.39500e+03 3.83545e-04
8.40500e+03 3.89103e-04
8.41500e+03 3.94626e-04
8.42500e+03 4.00014e-04
8.43500e+03 4.05364e-04
8.44500e+03 4.10586e-04
8.45500e+03 4.15759e-04
8.46500e+03 4.20817e-04
8.47500e+03 4.25806e-04
8.48500e+03 4.29451e-04
8.49500e+03 4.31706e-04
8.50500e+03 4.31793e-04
8.51500e+03 4.27996e-04
8.52500e+03 4.24125e-04
8.53500e+03 4.20267e-04
8.54500e+03 4.16413e-04
8.55500e+03 4.12578e-04
8.56500e+03 4.08747e-04
8.57500e+03 4.04932e-04
8.58500e+03 4.01148e-04
8.59500e+03 3.98441e-04
8.60500e+03 3.96284e-04
8.61500e+03 3.93282e-04
8.62500e+03 3.89454e-04
8.63500e+03 3.85637e-04
8.64500e+03 3.81842e-04
8.65500e+03 3.78050e-04
8.66500e+03 3.74265e-04
8.67500e+03 3.70484e-04
8.68500e+03 3.66722e-04
8.69500e+03 3.62964e-04
8.70500e+03 3.59221e-04
8.71500e+03 3.55485e-04
8.72500e+03 3.51761e-04
8.73500e+03 3.48047e-04
8.74500e+03 3.44341e-04
8.75500e+03 3.40650e-04
8.76500e+03 3.36960e-04
8.77500e+03 3.33270e-04
8.78500e+03 3.29583e-04
8.79500e+03 3.25928e-04
8.80500e+03 3.22282e-04
8.81500e+03 3.18629e-04
8.82500e+03 3.14972e-04
8.83500e+03 3.11344e-04
8.84500e+03 3.07756e-04
8.85500e+03 3.04132e-04
8.86500e+03 3.00399e-04
8.87500e+03 2.96682e-04
8.88500e+03 2.93144e-04
8.89500e+03 2.89644e-04
8.90500e+03 2.86078e-04
8.91500e+03 2.82479e-04
8.92500e+03 2.78369e-04
8.93500e+03 2.73587e-04
8.94500e+03 2.68051e-04
8.95500e+03 2.60071e-04
8.96500e+03 2.51971e-04
8.97500e+03 2.44525e-04
8.98500e+03 2.37257e-04
8.99500e+03 2.31460e-04
9.00500e+03 2.26592e-04
9.01500e+03 2.23222e-04
9.02500e+03 2.22508e-04
9.03500e+03 2.22471e-04
9.04500e+03 2.25432e-04
9.05500e+03 2.28328e-04
9.06500e+03 2.22354e-04
9.07500e+03 2.12953e-04
9.08500e+03 2.07312e-04
9.09500e+03 2.05900e-04
9.10500e+03 2.04549e-04
9.11500e+03 2.03384e-04
9.12500e+03 2.02005e-04
9.13500e+03 1.98029e-04
9.14500e+03 1.93324e-04
9.15500e+03 1.90434e-04
9.16500e+03 1.89072e-04
9.17500e+03 1.87828e-04
9.18500e+03 1.86900e-04
9.19500e+03 1.86098e-04
9.20500e+03 1.86308e-04
9.21500e+03 1.86759e-04
9.22500e+03 1.85358e-04
9.23500e+03 1.82518e-04
9.24500e+03 1.79696e-04
9.25500e+03 1.76919e-04
9.26500e+03 1.73898e-04
9.27500e+03 1.68410e-04
9.28500e+03 1.62280e-04
9.29500e+03 1.53496e-04
9.30500e+03 1.42387e-04
9.31500e+03 1.31087e-04
9.32500e+03 1.19187e-04
9.33500e+03 1.07596e-04
9.34500e+03 1.01066e-04
9.35500e+03 9.61881e-05
9.36500e+03 9.32917e-05
9.37500e+03 9.28166e-05
9.38500e+03 9.44110e-05
9.39500e+03 1.05330e-04
9.40500e+03 1.17029e-04
9.41500e+03 1.16287e-04
9.42500e+03 1.09390e-04
9.43500e+03 1.02779e-04
9.44500e+03 9.67393e-05
9.45500e+03 9.13573e-05
9.46500e+03 9.14539e-05
9.47500e+03 9.28029e-05
9.48500e+03 9.20476e-05
9.49500e+03 8.93322e-05
9.50500e+03 8.71003e-05
9.51500e+03 8.67592e-05
9.52500e+03 8.66087e-05
9.53500e+03 8.64419e-05
9.54500e+03 8.62673e-05
9.55500e+03 8.56450e-05
9.56500e+03 8.40609e-05
9.57500e+03 8.24209e-05
9.58500e+03 8.05235e-05
9.59500e+03 7.85551e-05
9.60500e+03 7.86755e-05
9.61500e+03 8.14653e-05
9.62500e+03 8.36597e-05
9.63500e+03 8.22515e-05
9.64500e+03 8.02509e-05
9.65500e+03 7.92661e-05
9.66500e+03 7.90848e-05
9.67500e+03 7.91884e-05
9.68500e+03 8.04062e-05
9.69500e+03 8.16977e-05
9.70500e+03 8.10628e-05
9.71500e+03 7.93565e-05
9.72500e+03 7.73155e-05
9.73500e+03 7.43050e-05
9.74500e+03 7.12831e-05
9.75500e+03 6.94961e-05
9.76500e+03 6.82408e-05
9.77500e+03 6.70452e-05
9.78500e+03 6.59893e-05
9.79500e+03 6.49570e-05
9.80500e+03 6.42364e-05
9.81500e+03 6.36295e-05
9.82500e+03 6.27513e-05
9.83500e+03 6.13137e-05
9.84500e+03 5.98642e-05
9.85500e+03 5.84910e-05
9.86500e+03 5.71433e-05
9.87500e+03 5.57274e-05
9.88500e+03 5.41763e-05
9.89500e+03 5.26194e-05
9.90500e+03 5.10305e-05
9.91500e+03 4.94309e-05
9.92500e+03 4.78372e-05
9.93500e+03 4.62560e-05
9.94500e+03 4.46759e-05
9.95500e+03 4.31090e-05
9.96500e+03 4.15469e-05
9.97500e+03 3.99853e-05
9.98500e+03 3.84248e-05
9.99500e+03 3.68881e-05
1.00050e+04 3.59538e-05
1.00150e+04 3.52825e-05
1.00250e+04 3.46437e-05
1.00350e+04 3.41024e-05
1.00450e+04 3.35677e-05
1.00550e+04 3.30327e-05
1.00650e+04 3.24975e-05
1.00750e+04 3.19565e-05
1.00850e+04 3.13917e-05
1.00950e+04 3.08244e-05
1.01050e+04 3.02924e-05
1.01150e+04 2.97896e-05
1.01250e+04 2.92856e-05
1.01350e+04 2.87749e-05
1.01450e+04 2.82630e-05
1.01550e+04 2.77509e-05
1.01650e+04 2.72387e-05
1.01750e+04 2.67262e-05
1.01850e+04 2.62120e-05
1.01950e+04 2.56971e-05
1.02050e+04 2.51867e-05
1.02150e+04 2.46861e-05
1.02250e+04 2.41858e-05
1.02350e+04 2.36841e-05
1.02450e+04 2.31816e-05
1.02550e+04 2.26812e-05
1.02650e+04 2.21900e-05
1.02750e+04 2.16999e-05
1.02850e+04 2.12164e-05
1.02950e+04 2.07400e-05
1.03050e+04 2.02641e-05
1.03150e+04 1.97926e-05
1.03250e+04 1.93222e-05
1.03350e+04 1.88544e-05
1.03450e+04 1.83929e-05
1.03550e+04 1.79317e-05
1.03650e+04 1.74758e-05
1.03750e+04 1.70232e-05
1.03850e+04 1.66222e-05
1.03950e+04 1.65193e-05
1.04050e+04 1.64641e-05
1.04150e+04 1.65840e-05
1.04250e+04 1.69776e-05
1.04350e+04 1.73714e-05
1.04450e+04 1.76911e-05
1.04550e+04 1.79794e-05
1.04650e+04 1.82491e-05
1.04750e+04 1.84399e-05
1.04850e+04 1.86216e-05
1.04950e+04 1.88700e-05
1.05050e+04 1.92022e-05
1.05150e+04 1.95485e-05
1.05250e+04 2.01417e-05
1.05350e+04 2.08262e-05
1.05450e+04 2.15450e-05
1.05550e+04 2.23996e-05
1.05650e+04 2.32682e-05
1.05750e+04 2.41063e-05
1.05850e+04 2.49062e-05
1.05950e+04 2.57237e-05
1.06050e+04 2.65738e-05
1.06150e+04 0.00000e+00
1.06250e+04 0.00000e+00
