# ESO-fors1_b_bess
# photon
# from FILTER.RES.DR34.latest
3.41500e+03 0.00000e+00
3.42500e+03 0.00000e+00
3.43500e+03 9.38306e-04
3.44500e+03 9.26275e-04
3.45500e+03 8.99981e-04
3.46500e+03 8.60730e-04
3.47500e+03 8.04304e-04
3.48500e+03 7.27517e-04
3.49500e+03 6.45113e-04
3.50500e+03 1.01018e-03
3.51500e+03 1.92985e-03
3.52500e+03 2.96173e-03
3.53500e+03 4.09620e-03
3.54500e+03 5.34608e-03
3.55500e+03 6.71855e-03
3.56500e+03 8.21903e-03
3.57500e+03 9.85447e-03
3.58500e+03 1.16342e-02
3.59500e+03 1.36138e-02
3.60500e+03 1.73759e-02
3.61500e+03 2.31106e-02
3.62500e+03 2.93664e-02
3.63500e+03 3.61212e-02
3.64500e+03 4.33308e-02
3.65500e+03 5.09869e-02
3.66500e+03 5.91744e-02
3.67500e+03 6.79186e-02
3.68500e+03 7.72691e-02
3.69500e+03 8.72605e-02
3.70500e+03 9.80503e-02
3.71500e+03 1.09598e-01
3.72500e+03 1.21595e-01
3.73500e+03 1.34016e-01
3.74500e+03 1.47020e-01
3.75500e+03 1.60637e-01
3.76500e+03 1.74937e-01
3.77500e+03 1.89955e-01
3.78500e+03 2.05668e-01
3.79500e+03 2.22103e-01
3.80500e+03 2.40377e-01
3.81500e+03 2.60491e-01
3.82500e+03 2.81492e-01
3.83500e+03 3.03387e-01
3.84500e+03 3.26665e-01
3.85500e+03 3.51436e-01
3.86500e+03 3.77330e-01
3.87500e+03 4.04352e-01
3.88500e+03 4.31844e-01
3.89500e+03 4.59668e-01
3.90500e+03 4.79784e-01
3.91500e+03 4.91685e-01
3.92500e+03 5.04132e-01
3.93500e+03 5.17117e-01
3.94500e+03 5.30403e-01
3.95500e+03 5.43977e-01
3.96500e+03 5.57593e-01
3.97500e+03 5.71245e-01
3.98500e+03 5.85179e-01
3.99500e+03 5.99383e-01
4.00500e+03 6.13131e-01
4.01500e+03 6.26325e-01
4.02500e+03 6.39744e-01
4.03500e+03 6.53403e-01
4.04500e+03 6.67275e-01
4.05500e+03 6.81357e-01
4.06500e+03 6.95690e-01
4.07500e+03 7.10282e-01
4.08500e+03 7.25461e-01
4.09500e+03 7.41159e-01
4.10500e+03 7.54760e-01
4.11500e+03 7.66036e-01
4.12500e+03 7.76821e-01
4.13500e+03 7.87103e-01
4.14500e+03 7.97499e-01
4.15500e+03 8.08018e-01
4.16500e+03 8.18874e-01
4.17500e+03 8.30080e-01
4.18500e+03 8.41423e-01
4.19500e+03 8.52859e-01
4.20500e+03 8.63137e-01
4.21500e+03 8.72204e-01
4.22500e+03 8.81311e-01
4.23500e+03 8.90498e-01
4.24500e+03 8.99476e-01
4.25500e+03 9.08238e-01
4.26500e+03 9.17066e-01
4.27500e+03 9.25960e-01
4.28500e+03 9.34802e-01
4.29500e+03 9.43544e-01
4.30500e+03 9.47956e-01
4.31500e+03 9.48202e-01
4.32500e+03 9.48392e-01
4.33500e+03 9.48690e-01
4.34500e+03 9.48905e-01
4.35500e+03 9.49023e-01
4.36500e+03 9.48931e-01
4.37500e+03 9.48598e-01
4.38500e+03 9.48162e-01
4.39500e+03 9.47664e-01
4.40500e+03 9.49994e-01
4.41500e+03 9.55061e-01
4.42500e+03 9.60221e-01
4.43500e+03 9.65396e-01
4.44500e+03 9.71043e-01
4.45500e+03 9.77148e-01
4.46500e+03 9.83289e-01
4.47500e+03 9.89455e-01
4.48500e+03 9.95032e-01
4.49500e+03 1.00000e+00
4.50500e+03 9.99588e-01
4.51500e+03 9.93716e-01
4.52500e+03 9.88192e-01
4.53500e+03 9.82970e-01
4.54500e+03 9.77625e-01
4.55500e+03 9.72133e-01
4.56500e+03 9.65506e-01
4.57500e+03 9.57788e-01
4.58500e+03 9.49925e-01
4.59500e+03 9.41689e-01
4.60500e+03 9.23985e-01
4.61500e+03 8.96107e-01
4.62500e+03 8.67938e-01
4.63500e+03 8.39543e-01
4.64500e+03 8.11890e-01
4.65500e+03 7.84824e-01
4.66500e+03 7.57412e-01
4.67500e+03 7.29585e-01
4.68500e+03 7.00418e-01
4.69500e+03 6.70055e-01
4.70500e+03 6.40810e-01
4.71500e+03 6.12905e-01
4.72500e+03 5.85711e-01
4.73500e+03 5.59172e-01
4.74500e+03 5.32440e-01
4.75500e+03 5.05503e-01
4.76500e+03 4.78161e-01
4.77500e+03 4.50455e-01
4.78500e+03 4.22592e-01
4.79500e+03 3.94691e-01
4.80500e+03 3.70114e-01
4.81500e+03 3.48871e-01
4.82500e+03 3.27603e-01
4.83500e+03 3.06215e-01
4.84500e+03 2.84980e-01
4.85500e+03 2.63868e-01
4.86500e+03 2.42537e-01
4.87500e+03 2.20981e-01
4.88500e+03 1.99260e-01
4.89500e+03 1.77472e-01
4.90500e+03 1.62254e-01
4.91500e+03 1.53376e-01
4.92500e+03 1.44668e-01
4.93500e+03 1.35899e-01
4.94500e+03 1.27063e-01
4.95500e+03 1.18157e-01
4.96500e+03 1.09094e-01
4.97500e+03 9.98861e-02
4.98500e+03 9.06435e-02
4.99500e+03 8.13769e-02
5.00500e+03 7.41715e-02
5.01500e+03 6.88954e-02
5.02500e+03 6.36368e-02
5.03500e+03 5.83399e-02
5.04500e+03 5.29939e-02
5.05500e+03 4.76025e-02
5.06500e+03 4.21778e-02
5.07500e+03 3.67201e-02
5.08500e+03 3.12478e-02
5.09500e+03 2.57526e-02
5.10500e+03 2.20986e-02
5.11500e+03 2.03049e-02
5.12500e+03 1.84784e-02
5.13500e+03 1.66243e-02
5.14500e+03 1.47600e-02
5.15500e+03 1.28861e-02
5.16500e+03 1.10004e-02
5.17500e+03 9.10414e-03
5.18500e+03 7.19953e-03
5.19500e+03 5.30719e-03
5.20500e+03 4.14179e-03
5.21500e+03 3.75721e-03
5.22500e+03 3.37571e-03
5.23500e+03 2.99324e-03
5.24500e+03 2.61008e-03
5.25500e+03 2.22611e-03
5.26500e+03 1.84097e-03
5.27500e+03 1.45465e-03
5.28500e+03 1.06693e-03
5.29500e+03 6.84407e-04
5.30500e+03 4.77110e-04
5.31500e+03 4.54992e-04
5.32500e+03 4.36080e-04
5.33500e+03 4.17205e-04
5.34500e+03 3.98277e-04
5.35500e+03 3.79297e-04
5.36500e+03 3.60727e-04
5.37500e+03 3.42475e-04
5.38500e+03 3.24085e-04
5.39500e+03 3.06088e-04
5.40500e+03 3.06266e-04
5.41500e+03 3.24721e-04
5.42500e+03 3.43713e-04
5.43500e+03 3.62726e-04
5.44500e+03 3.82353e-04
5.45500e+03 4.02728e-04
5.46500e+03 4.23234e-04
5.47500e+03 4.43871e-04
5.48500e+03 4.64110e-04
5.49500e+03 4.84259e-04
5.50500e+03 5.23515e-04
5.51500e+03 5.80731e-04
5.52500e+03 6.38242e-04
5.53500e+03 6.95360e-04
5.54500e+03 7.52193e-04
5.55500e+03 8.08754e-04
5.56500e+03 8.65573e-04
5.57500e+03 9.08489e-04
5.58500e+03 0.00000e+00
5.59500e+03 0.00000e+00
