# ESO-fors1_r_bess
# photon
# from FILTER.RES.DR34.latest
5.49500e+03 0.00000e+00
5.51500e+03 0.00000e+00
5.53500e+03 1.02903e-02
5.55500e+03 1.40901e-02
5.57500e+03 1.91476e-02
5.59500e+03 2.99691e-02
5.61500e+03 1.02254e-01
5.63500e+03 2.03996e-01
5.65500e+03 3.04770e-01
5.67500e+03 4.04507e-01
5.69500e+03 5.01537e-01
5.71500e+03 5.81881e-01
5.73500e+03 6.55364e-01
5.75500e+03 7.28593e-01
5.77500e+03 8.00169e-01
5.79500e+03 8.68400e-01
5.81500e+03 8.95126e-01
5.83500e+03 9.04725e-01
5.85500e+03 9.14035e-01
5.87500e+03 9.23122e-01
5.89500e+03 9.31149e-01
5.91500e+03 9.42929e-01
5.93500e+03 9.55571e-01
5.95500e+03 9.67857e-01
5.97500e+03 9.83397e-01
5.99500e+03 9.99095e-01
6.01500e+03 1.00000e+00
6.03500e+03 9.93517e-01
6.05500e+03 9.86149e-01
6.07500e+03 9.78426e-01
6.09500e+03 9.71401e-01
6.11500e+03 9.65215e-01
6.13500e+03 9.61356e-01
6.15500e+03 9.58408e-01
6.17500e+03 9.54132e-01
6.19500e+03 9.48905e-01
6.21500e+03 9.39160e-01
6.23500e+03 9.27582e-01
6.25500e+03 9.18661e-01
6.27500e+03 9.10781e-01
6.29500e+03 9.01042e-01
6.31500e+03 8.90459e-01
6.33500e+03 8.80402e-01
6.35500e+03 8.70630e-01
6.37500e+03 8.61018e-01
6.39500e+03 8.51460e-01
6.41500e+03 8.41416e-01
6.43500e+03 8.31435e-01
6.45500e+03 8.24426e-01
6.47500e+03 8.18583e-01
6.49500e+03 8.10361e-01
6.51500e+03 8.00754e-01
6.53500e+03 7.92028e-01
6.55500e+03 7.83871e-01
6.57500e+03 7.76171e-01
6.59500e+03 7.68588e-01
6.61500e+03 7.59905e-01
6.63500e+03 7.50477e-01
6.65500e+03 7.38413e-01
6.67500e+03 7.25365e-01
6.69500e+03 7.14532e-01
6.71500e+03 7.05293e-01
6.73500e+03 6.95780e-01
6.75500e+03 6.86073e-01
6.77500e+03 6.76532e-01
6.79500e+03 6.66948e-01
6.81500e+03 6.54217e-01
6.83500e+03 6.31717e-01
6.85500e+03 6.05388e-01
6.87500e+03 5.80314e-01
6.89500e+03 5.67433e-01
6.91500e+03 5.69410e-01
6.93500e+03 5.79142e-01
6.95500e+03 5.90275e-01
6.97500e+03 5.98791e-01
6.99500e+03 6.00180e-01
7.01500e+03 5.83843e-01
7.03500e+03 5.59941e-01
7.05500e+03 5.36471e-01
7.07500e+03 5.13059e-01
7.09500e+03 4.88713e-01
7.11500e+03 4.72656e-01
7.13500e+03 4.61708e-01
7.15500e+03 4.41573e-01
7.17500e+03 4.18036e-01
7.19500e+03 4.08590e-01
7.21500e+03 3.99528e-01
7.23500e+03 3.84334e-01
7.25500e+03 3.68315e-01
7.27500e+03 3.52675e-01
7.29500e+03 3.37714e-01
7.31500e+03 3.33096e-01
7.33500e+03 3.32738e-01
7.35500e+03 3.29005e-01
7.37500e+03 3.23125e-01
7.39500e+03 3.16768e-01
7.41500e+03 3.07969e-01
7.43500e+03 2.98114e-01
7.45500e+03 2.88769e-01
7.47500e+03 2.79682e-01
7.49500e+03 2.70636e-01
7.51500e+03 2.62368e-01
7.53500e+03 2.53937e-01
7.55500e+03 2.45300e-01
7.57500e+03 2.32155e-01
7.59500e+03 1.78261e-01
7.61500e+03 1.42356e-01
7.63500e+03 1.48437e-01
7.65500e+03 1.66812e-01
7.67500e+03 1.87083e-01
7.69500e+03 1.88123e-01
7.71500e+03 1.81151e-01
7.73500e+03 1.74521e-01
7.75500e+03 1.67947e-01
7.77500e+03 1.61249e-01
7.79500e+03 1.54598e-01
7.81500e+03 1.48440e-01
7.83500e+03 1.42515e-01
7.85500e+03 1.36624e-01
7.87500e+03 1.30756e-01
7.89500e+03 1.24713e-01
7.91500e+03 1.19314e-01
7.93500e+03 1.14589e-01
7.95500e+03 1.10042e-01
7.97500e+03 1.05406e-01
7.99500e+03 1.00741e-01
8.01500e+03 9.58971e-02
8.03500e+03 9.10233e-02
8.05500e+03 8.62511e-02
8.07500e+03 8.16109e-02
8.09500e+03 7.73794e-02
8.11500e+03 7.30323e-02
8.13500e+03 6.85337e-02
8.15500e+03 6.49903e-02
8.17500e+03 6.19822e-02
8.19500e+03 5.90516e-02
8.21500e+03 5.63177e-02
8.23500e+03 5.36852e-02
8.25500e+03 5.11345e-02
8.27500e+03 4.86237e-02
8.29500e+03 4.61166e-02
8.31500e+03 4.46020e-02
8.33500e+03 4.36356e-02
8.35500e+03 4.24592e-02
8.37500e+03 4.06313e-02
8.39500e+03 3.87212e-02
8.41500e+03 3.69721e-02
8.43500e+03 3.52886e-02
8.45500e+03 3.34571e-02
8.47500e+03 3.15808e-02
8.49500e+03 2.97302e-02
8.51500e+03 2.80253e-02
8.53500e+03 2.64918e-02
8.55500e+03 2.50271e-02
8.57500e+03 2.35780e-02
8.59500e+03 2.22327e-02
8.61500e+03 2.10305e-02
8.63500e+03 1.97715e-02
8.65500e+03 1.86185e-02
8.67500e+03 1.75157e-02
8.69500e+03 1.63600e-02
8.71500e+03 1.53307e-02
8.73500e+03 1.43813e-02
8.75500e+03 1.34649e-02
8.77500e+03 1.26758e-02
8.79500e+03 1.19411e-02
8.81500e+03 1.12091e-02
8.83500e+03 1.04961e-02
8.85500e+03 9.83518e-03
8.87500e+03 9.19778e-03
8.89500e+03 8.57366e-03
8.91500e+03 8.02194e-03
8.93500e+03 7.47979e-03
8.95500e+03 6.86414e-03
8.97500e+03 6.11409e-03
8.99500e+03 5.48656e-03
9.01500e+03 5.12609e-03
9.03500e+03 4.93563e-03
9.05500e+03 4.80431e-03
9.07500e+03 4.27508e-03
9.09500e+03 3.85688e-03
9.11500e+03 3.63042e-03
9.13500e+03 3.36579e-03
9.15500e+03 3.10700e-03
9.17500e+03 2.88731e-03
9.19500e+03 2.71315e-03
9.21500e+03 2.61820e-03
9.23500e+03 2.43555e-03
9.25500e+03 2.24736e-03
9.27500e+03 2.09076e-03
9.29500e+03 1.79898e-03
9.31500e+03 1.46348e-03
9.33500e+03 1.14383e-03
9.35500e+03 9.48599e-04
9.37500e+03 9.18820e-04
9.39500e+03 9.81773e-04
9.41500e+03 1.08393e-03
9.43500e+03 0.00000e+00
9.45500e+03 0.00000e+00
