# ESO-VIMOS-R
# photon
# from FILTER.RES.DR34.latest
5.19000e+03 0.00000e+00
5.21000e+03 0.00000e+00
5.23000e+03 5.23993e-04
5.25000e+03 5.89089e-04
5.27000e+03 6.24688e-04
5.29000e+03 6.10650e-04
5.31000e+03 5.58031e-04
5.33000e+03 4.61837e-04
5.35000e+03 5.89484e-04
5.37000e+03 5.44798e-04
5.39000e+03 5.31389e-04
5.41000e+03 6.00803e-04
5.43000e+03 6.25243e-04
5.45000e+03 5.92401e-04
5.47000e+03 5.87658e-04
5.49000e+03 4.90688e-04
5.51000e+03 6.05887e-04
5.53000e+03 6.68554e-04
5.55000e+03 6.95251e-04
5.57000e+03 1.46001e-03
5.59000e+03 4.14976e-03
5.61000e+03 1.14360e-02
5.63000e+03 2.74927e-02
5.65000e+03 5.39636e-02
5.67000e+03 9.43064e-02
5.69000e+03 1.50676e-01
5.71000e+03 2.19683e-01
5.73000e+03 2.95090e-01
5.75000e+03 3.72556e-01
5.77000e+03 4.48387e-01
5.79000e+03 5.20541e-01
5.81000e+03 5.87723e-01
5.83000e+03 6.48660e-01
5.85000e+03 7.03496e-01
5.87000e+03 7.51703e-01
5.89000e+03 7.93765e-01
5.91000e+03 8.30151e-01
5.93000e+03 8.61226e-01
5.95000e+03 8.87526e-01
5.97000e+03 9.09799e-01
5.99000e+03 9.28212e-01
6.01000e+03 9.43766e-01
6.03000e+03 9.56473e-01
6.05000e+03 9.66814e-01
6.07000e+03 9.75362e-01
6.09000e+03 9.82246e-01
6.11000e+03 9.87590e-01
6.13000e+03 9.91842e-01
6.15000e+03 9.95048e-01
6.17000e+03 9.97453e-01
6.19000e+03 9.99025e-01
6.21000e+03 9.99805e-01
6.23000e+03 1.00000e+00
6.25000e+03 9.99815e-01
6.27000e+03 9.98904e-01
6.29000e+03 9.97811e-01
6.31000e+03 9.96136e-01
6.33000e+03 9.94465e-01
6.35000e+03 9.92338e-01
6.37000e+03 9.90310e-01
6.39000e+03 9.87914e-01
6.41000e+03 9.85799e-01
6.43000e+03 9.83700e-01
6.45000e+03 9.81421e-01
6.47000e+03 9.79313e-01
6.49000e+03 9.77455e-01
6.51000e+03 9.75833e-01
6.53000e+03 9.74098e-01
6.55000e+03 9.72504e-01
6.57000e+03 9.70947e-01
6.59000e+03 9.69593e-01
6.61000e+03 9.67722e-01
6.63000e+03 9.65732e-01
6.65000e+03 9.63913e-01
6.67000e+03 9.61521e-01
6.69000e+03 9.58754e-01
6.71000e+03 9.55856e-01
6.73000e+03 9.52669e-01
6.75000e+03 9.49000e-01
6.77000e+03 9.45008e-01
6.79000e+03 9.40993e-01
6.81000e+03 9.36610e-01
6.83000e+03 9.32442e-01
6.85000e+03 9.28433e-01
6.87000e+03 9.24437e-01
6.89000e+03 9.20924e-01
6.91000e+03 9.17343e-01
6.93000e+03 9.13900e-01
6.95000e+03 9.09903e-01
6.97000e+03 9.04843e-01
6.99000e+03 8.97474e-01
7.01000e+03 8.85992e-01
7.03000e+03 8.68337e-01
7.05000e+03 8.40869e-01
7.07000e+03 7.99828e-01
7.09000e+03 7.38998e-01
7.11000e+03 6.51452e-01
7.13000e+03 5.27636e-01
7.15000e+03 3.58648e-01
7.17000e+03 1.88652e-01
7.19000e+03 6.77731e-02
7.21000e+03 2.45689e-02
7.23000e+03 1.05444e-02
7.25000e+03 4.98907e-03
7.27000e+03 3.07118e-03
7.29000e+03 1.85479e-03
7.31000e+03 1.33746e-03
7.33000e+03 8.67698e-04
7.35000e+03 8.33565e-04
7.37000e+03 8.55870e-04
7.39000e+03 8.61624e-04
7.41000e+03 8.55662e-04
7.43000e+03 9.31130e-04
7.45000e+03 7.06995e-04
7.47000e+03 8.14783e-04
7.49000e+03 7.91263e-04
7.51000e+03 7.55557e-04
7.53000e+03 7.24962e-04
7.55000e+03 8.95141e-04
7.57000e+03 9.70733e-04
7.59000e+03 1.00371e-03
7.61000e+03 1.16555e-03
7.63000e+03 1.10920e-03
7.65000e+03 9.39663e-04
7.67000e+03 9.08210e-04
7.69000e+03 9.23051e-04
7.71000e+03 9.23590e-04
7.73000e+03 8.19088e-04
7.75000e+03 7.59104e-04
7.77000e+03 8.55432e-04
7.79000e+03 7.59680e-04
7.81000e+03 7.33180e-04
7.83000e+03 7.79291e-04
7.85000e+03 9.03049e-04
7.87000e+03 7.63370e-04
7.89000e+03 8.17561e-04
7.91000e+03 8.30745e-04
7.93000e+03 6.98003e-04
7.95000e+03 9.14316e-04
7.97000e+03 7.81900e-04
7.99000e+03 8.19573e-04
8.01000e+03 8.66671e-04
8.03000e+03 9.28306e-04
8.05000e+03 1.05506e-03
8.07000e+03 7.89226e-04
8.09000e+03 7.69740e-04
8.11000e+03 9.00326e-04
8.13000e+03 9.18370e-04
8.15000e+03 9.12907e-04
8.17000e+03 1.12905e-03
8.19000e+03 1.10454e-03
8.21000e+03 8.26698e-04
8.23000e+03 8.74433e-04
8.25000e+03 1.00538e-03
8.27000e+03 9.20786e-04
8.29000e+03 8.73397e-04
8.31000e+03 8.63232e-04
8.33000e+03 9.37273e-04
8.35000e+03 8.45699e-04
8.37000e+03 7.64275e-04
8.39000e+03 8.38854e-04
8.41000e+03 8.02234e-04
8.43000e+03 9.31650e-04
8.45000e+03 1.02622e-03
8.47000e+03 7.13225e-04
8.49000e+03 7.49212e-04
8.51000e+03 7.47533e-04
8.53000e+03 9.18103e-04
8.55000e+03 8.76190e-04
8.57000e+03 1.04957e-03
8.59000e+03 1.08136e-03
8.61000e+03 8.54306e-04
8.63000e+03 9.83113e-04
8.65000e+03 9.07260e-04
8.67000e+03 8.51063e-04
8.69000e+03 9.37103e-04
8.71000e+03 8.92224e-04
8.73000e+03 1.05472e-03
8.75000e+03 8.65800e-04
8.77000e+03 8.48872e-04
8.79000e+03 8.63397e-04
8.81000e+03 8.70509e-04
8.83000e+03 1.12817e-03
8.85000e+03 1.20288e-03
8.87000e+03 1.10314e-03
8.89000e+03 1.12179e-03
8.91000e+03 1.07364e-03
8.93000e+03 9.96656e-04
8.95000e+03 1.15966e-03
8.97000e+03 1.07184e-03
8.99000e+03 1.11692e-03
9.01000e+03 1.51578e-03
9.03000e+03 1.41405e-03
9.05000e+03 1.23507e-03
9.07000e+03 1.05990e-03
9.09000e+03 1.19789e-03
9.11000e+03 1.26644e-03
9.13000e+03 1.06393e-03
9.15000e+03 1.19373e-03
9.17000e+03 1.29852e-03
9.19000e+03 1.39343e-03
9.21000e+03 1.23528e-03
9.23000e+03 1.28161e-03
9.25000e+03 1.24196e-03
9.27000e+03 1.44820e-03
9.29000e+03 1.50164e-03
9.31000e+03 1.60066e-03
9.33000e+03 1.68649e-03
9.35000e+03 1.79392e-03
9.37000e+03 1.75368e-03
9.39000e+03 1.63281e-03
9.41000e+03 1.68398e-03
9.43000e+03 1.63078e-03
9.45000e+03 1.64281e-03
9.47000e+03 1.41605e-03
9.49000e+03 1.53609e-03
9.51000e+03 1.47208e-03
9.53000e+03 1.60909e-03
9.55000e+03 2.04481e-03
9.57000e+03 2.01831e-03
9.59000e+03 1.72463e-03
9.61000e+03 1.82993e-03
9.63000e+03 1.71327e-03
9.65000e+03 1.65296e-03
9.67000e+03 1.28798e-03
9.69000e+03 1.44563e-03
9.71000e+03 1.41360e-03
9.73000e+03 1.45036e-03
9.75000e+03 1.40576e-03
9.77000e+03 1.61364e-03
9.79000e+03 1.75069e-03
9.81000e+03 1.71824e-03
9.83000e+03 1.45695e-03
9.85000e+03 1.55239e-03
9.87000e+03 1.78927e-03
9.89000e+03 1.57418e-03
9.91000e+03 1.53214e-03
9.93000e+03 1.34097e-03
9.95000e+03 1.39373e-03
9.97000e+03 1.59005e-03
9.99000e+03 0.00000e+00
1.00100e+04 0.00000e+00
