# hst-wfc3-IR-f110w
# photon
# from FILTER.RES.DR34.latest
8.76500e+03 0.00000e+00
8.80000e+03 0.00000e+00
8.83500e+03 1.43239e-02
8.87000e+03 3.23754e-02
8.90500e+03 8.45701e-02
8.94000e+03 1.82497e-01
8.97500e+03 3.22993e-01
9.01000e+03 4.71935e-01
9.04500e+03 5.80862e-01
9.08000e+03 6.28953e-01
9.11500e+03 6.32782e-01
9.15000e+03 6.33036e-01
9.18500e+03 6.55005e-01
9.22000e+03 6.90254e-01
9.25500e+03 7.14846e-01
9.29000e+03 7.14785e-01
9.32500e+03 7.02878e-01
9.36000e+03 7.04268e-01
9.39500e+03 7.25496e-01
9.43000e+03 7.48437e-01
9.46500e+03 7.56369e-01
9.50000e+03 7.48981e-01
9.53500e+03 7.42786e-01
9.57000e+03 7.51280e-01
9.60500e+03 7.69148e-01
9.64000e+03 7.79990e-01
9.67500e+03 7.76607e-01
9.71000e+03 7.67259e-01
9.74500e+03 7.66589e-01
9.78000e+03 7.78409e-01
9.81500e+03 7.91561e-01
9.85000e+03 7.93701e-01
9.88500e+03 7.84396e-01
9.92000e+03 7.74934e-01
9.95500e+03 7.77779e-01
9.99000e+03 7.93181e-01
1.00250e+04 8.09685e-01
1.00600e+04 8.12892e-01
1.00950e+04 8.00681e-01
1.01300e+04 7.84851e-01
1.01650e+04 7.81855e-01
1.02000e+04 7.96218e-01
1.02350e+04 8.22404e-01
1.02700e+04 8.44655e-01
1.03050e+04 8.51403e-01
1.03400e+04 8.45449e-01
1.03750e+04 8.37764e-01
1.04100e+04 8.38853e-01
1.04450e+04 8.50947e-01
1.04800e+04 8.66678e-01
1.05150e+04 8.76417e-01
1.05500e+04 8.74904e-01
1.05850e+04 8.67182e-01
1.06200e+04 8.61834e-01
1.06550e+04 8.63679e-01
1.06900e+04 8.72821e-01
1.07250e+04 8.82938e-01
1.07600e+04 8.88492e-01
1.07950e+04 8.87617e-01
1.08300e+04 8.83419e-01
1.08650e+04 8.81446e-01
1.09000e+04 8.83946e-01
1.09350e+04 8.89197e-01
1.09700e+04 8.93757e-01
1.10050e+04 8.94659e-01
1.10400e+04 8.91020e-01
1.10750e+04 8.87236e-01
1.11100e+04 8.86068e-01
1.11450e+04 8.89870e-01
1.11800e+04 8.96137e-01
1.12150e+04 9.01240e-01
1.12500e+04 9.01292e-01
1.12850e+04 8.96805e-01
1.13200e+04 8.89807e-01
1.13550e+04 8.86001e-01
1.13900e+04 8.88179e-01
1.14250e+04 8.95916e-01
1.14600e+04 9.06626e-01
1.14950e+04 9.15385e-01
1.15300e+04 9.18749e-01
1.15650e+04 9.17220e-01
1.16000e+04 9.13032e-01
1.16350e+04 9.10790e-01
1.16700e+04 9.12333e-01
1.17050e+04 9.18321e-01
1.17400e+04 9.26235e-01
1.17750e+04 9.32425e-01
1.18100e+04 9.34891e-01
1.18450e+04 9.33524e-01
1.18800e+04 9.30579e-01
1.19150e+04 9.29228e-01
1.19500e+04 9.30950e-01
1.19850e+04 9.36141e-01
1.20200e+04 9.42396e-01
1.20550e+04 9.47158e-01
1.20900e+04 9.48048e-01
1.21250e+04 9.45507e-01
1.21600e+04 9.41407e-01
1.21950e+04 9.38765e-01
1.22300e+04 9.39699e-01
1.22650e+04 9.44151e-01
1.23000e+04 9.51144e-01
1.23350e+04 9.57888e-01
1.23700e+04 9.61922e-01
1.24050e+04 9.62149e-01
1.24400e+04 9.59741e-01
1.24750e+04 9.56968e-01
1.25100e+04 9.56021e-01
1.25450e+04 9.58257e-01
1.25800e+04 9.64204e-01
1.26150e+04 9.71183e-01
1.26500e+04 9.77391e-01
1.26850e+04 9.80241e-01
1.27200e+04 9.79518e-01
1.27550e+04 9.76049e-01
1.27900e+04 9.72458e-01
1.28250e+04 9.70333e-01
1.28600e+04 9.71138e-01
1.28950e+04 9.74680e-01
1.29300e+04 9.79386e-01
1.29650e+04 9.82377e-01
1.30000e+04 9.82085e-01
1.30350e+04 9.78424e-01
1.30700e+04 9.71498e-01
1.31050e+04 9.63778e-01
1.31400e+04 9.59028e-01
1.31750e+04 9.58887e-01
1.32100e+04 9.64163e-01
1.32450e+04 9.74087e-01
1.32800e+04 9.86245e-01
1.33150e+04 9.96235e-01
1.33500e+04 1.00000e+00
1.33850e+04 9.94859e-01
1.34200e+04 9.81416e-01
1.34550e+04 9.64519e-01
1.34900e+04 9.49455e-01
1.35250e+04 9.41292e-01
1.35600e+04 9.39839e-01
1.35950e+04 9.42817e-01
1.36300e+04 9.39361e-01
1.36650e+04 9.28906e-01
1.37000e+04 9.11160e-01
1.37350e+04 8.94669e-01
1.37700e+04 8.87501e-01
1.38050e+04 8.90912e-01
1.38400e+04 8.96891e-01
1.38750e+04 8.91418e-01
1.39100e+04 8.70628e-01
1.39450e+04 8.54608e-01
1.39800e+04 7.66915e-01
1.40150e+04 4.78860e-01
1.40500e+04 2.29599e-01
1.40850e+04 0.00000e+00
1.41200e+04 0.00000e+00
