# hst-wfc3-UVIS-f225w
# photon
# from FILTER.RES.DR34.latest
1.98000e+03 0.00000e+00
1.98500e+03 0.00000e+00
1.99000e+03 3.33387e-02
1.99500e+03 3.92281e-02
2.00000e+03 4.74731e-02
2.00500e+03 5.78023e-02
2.01000e+03 6.90682e-02
2.01500e+03 8.32765e-02
2.02000e+03 9.86672e-02
2.02500e+03 1.17056e-01
2.03000e+03 1.36623e-01
2.03500e+03 1.58739e-01
2.04000e+03 1.81798e-01
2.04500e+03 2.05964e-01
2.05000e+03 2.30566e-01
2.05500e+03 2.54856e-01
2.06000e+03 2.79055e-01
2.06500e+03 3.01479e-01
2.07000e+03 3.23392e-01
2.07500e+03 3.43414e-01
2.08000e+03 3.62852e-01
2.08500e+03 3.80209e-01
2.09000e+03 3.96966e-01
2.09500e+03 4.12294e-01
2.10000e+03 4.27835e-01
2.10500e+03 4.46255e-01
2.11000e+03 4.65389e-01
2.11500e+03 4.84121e-01
2.12000e+03 5.03009e-01
2.12500e+03 5.21822e-01
2.13000e+03 5.40857e-01
2.13500e+03 5.59650e-01
2.14000e+03 5.78564e-01
2.14500e+03 5.96761e-01
2.15000e+03 6.14900e-01
2.15500e+03 6.32107e-01
2.16000e+03 6.49147e-01
2.16500e+03 6.65011e-01
2.17000e+03 6.80587e-01
2.17500e+03 6.94768e-01
2.18000e+03 7.08534e-01
2.18500e+03 7.20606e-01
2.19000e+03 7.32191e-01
2.19500e+03 7.42735e-01
2.20000e+03 7.53104e-01
2.20500e+03 7.63353e-01
2.21000e+03 7.73424e-01
2.21500e+03 7.82575e-01
2.22000e+03 7.91431e-01
2.22500e+03 7.99715e-01
2.23000e+03 8.07573e-01
2.23500e+03 8.13836e-01
2.24000e+03 8.19809e-01
2.24500e+03 8.25804e-01
2.25000e+03 8.31801e-01
2.25500e+03 8.37939e-01
2.26000e+03 8.44145e-01
2.26500e+03 8.50789e-01
2.27000e+03 8.57603e-01
2.27500e+03 8.64965e-01
2.28000e+03 8.72500e-01
2.28500e+03 8.80151e-01
2.29000e+03 8.87910e-01
2.29500e+03 8.96396e-01
2.30000e+03 9.04791e-01
2.30500e+03 9.11288e-01
2.31000e+03 9.17503e-01
2.31500e+03 9.23902e-01
2.32000e+03 9.30371e-01
2.32500e+03 9.36832e-01
2.33000e+03 9.43302e-01
2.33500e+03 9.49687e-01
2.34000e+03 9.56039e-01
2.34500e+03 9.62095e-01
2.35000e+03 9.68025e-01
2.35500e+03 9.73335e-01
2.36000e+03 9.78419e-01
2.36500e+03 9.82901e-01
2.37000e+03 9.87147e-01
2.37500e+03 9.90684e-01
2.38000e+03 9.93942e-01
2.38500e+03 9.96442e-01
2.39000e+03 9.98627e-01
2.39500e+03 9.99896e-01
2.40000e+03 1.00000e+00
2.40500e+03 9.94464e-01
2.41000e+03 9.87817e-01
2.41500e+03 9.80255e-01
2.42000e+03 9.72388e-01
2.42500e+03 9.63949e-01
2.43000e+03 9.55187e-01
2.43500e+03 9.44976e-01
2.44000e+03 9.34400e-01
2.44500e+03 9.23508e-01
2.45000e+03 9.12491e-01
2.45500e+03 9.00875e-01
2.46000e+03 8.89059e-01
2.46500e+03 8.76665e-01
2.47000e+03 8.64097e-01
2.47500e+03 8.51176e-01
2.48000e+03 8.38157e-01
2.48500e+03 8.24904e-01
2.49000e+03 8.11581e-01
2.49500e+03 7.97921e-01
2.50000e+03 7.83999e-01
2.50500e+03 7.68855e-01
2.51000e+03 7.53520e-01
2.51500e+03 7.37987e-01
2.52000e+03 7.22429e-01
2.52500e+03 7.06618e-01
2.53000e+03 6.90773e-01
2.53500e+03 6.74736e-01
2.54000e+03 6.58697e-01
2.54500e+03 6.42585e-01
2.55000e+03 6.26514e-01
2.55500e+03 6.10461e-01
2.56000e+03 5.94457e-01
2.56500e+03 5.78255e-01
2.57000e+03 5.62066e-01
2.57500e+03 5.45985e-01
2.58000e+03 5.30011e-01
2.58500e+03 5.14206e-01
2.59000e+03 4.98508e-01
2.59500e+03 4.82797e-01
2.60000e+03 4.67012e-01
2.60500e+03 4.50532e-01
2.61000e+03 4.34114e-01
2.61500e+03 4.18311e-01
2.62000e+03 4.02793e-01
2.62500e+03 3.87357e-01
2.63000e+03 3.72083e-01
2.63500e+03 3.57174e-01
2.64000e+03 3.42500e-01
2.64500e+03 3.28306e-01
2.65000e+03 3.14400e-01
2.65500e+03 3.01149e-01
2.66000e+03 2.88213e-01
2.66500e+03 2.75712e-01
2.67000e+03 2.63442e-01
2.67500e+03 2.51405e-01
2.68000e+03 2.39552e-01
2.68500e+03 2.28084e-01
2.69000e+03 2.16861e-01
2.69500e+03 2.06243e-01
2.70000e+03 1.96080e-01
2.70500e+03 1.87377e-01
2.71000e+03 1.79013e-01
2.71500e+03 1.70967e-01
2.72000e+03 1.63060e-01
2.72500e+03 1.55609e-01
2.73000e+03 1.48316e-01
2.73500e+03 1.41187e-01
2.74000e+03 1.34152e-01
2.74500e+03 1.27615e-01
2.75000e+03 1.21226e-01
2.75500e+03 1.14755e-01
2.76000e+03 1.08306e-01
2.76500e+03 1.02384e-01
2.77000e+03 9.67133e-02
2.77500e+03 9.21189e-02
2.78000e+03 8.78658e-02
2.78500e+03 8.37260e-02
2.79000e+03 7.95984e-02
2.79500e+03 7.51496e-02
2.80000e+03 7.06928e-02
2.80500e+03 6.71849e-02
2.81000e+03 6.38967e-02
2.81500e+03 6.00658e-02
2.82000e+03 5.60846e-02
2.82500e+03 5.24487e-02
2.83000e+03 4.90534e-02
2.83500e+03 4.75228e-02
2.84000e+03 4.64589e-02
2.84500e+03 4.39991e-02
2.85000e+03 4.11951e-02
2.85500e+03 3.96199e-02
2.86000e+03 3.82709e-02
2.86500e+03 3.49577e-02
2.87000e+03 3.11638e-02
2.87500e+03 2.91962e-02
2.88000e+03 2.77876e-02
2.88500e+03 2.63056e-02
2.89000e+03 2.48175e-02
2.89500e+03 2.35808e-02
2.90000e+03 2.24302e-02
2.90500e+03 2.13560e-02
2.91000e+03 2.03081e-02
2.91500e+03 1.94242e-02
2.92000e+03 1.85677e-02
2.92500e+03 1.74394e-02
2.93000e+03 1.62505e-02
2.93500e+03 1.54607e-02
2.94000e+03 1.48095e-02
2.94500e+03 1.43707e-02
2.95000e+03 1.39779e-02
2.95500e+03 1.33294e-02
2.96000e+03 1.25991e-02
2.96500e+03 1.19005e-02
2.97000e+03 1.12042e-02
2.97500e+03 1.04425e-02
2.98000e+03 9.67813e-03
2.98500e+03 9.20130e-03
2.99000e+03 8.82632e-03
2.99500e+03 8.61056e-03
3.00000e+03 8.41787e-03
3.00500e+03 7.88266e-03
3.01000e+03 7.26942e-03
3.01500e+03 7.01805e-03
3.02000e+03 6.88989e-03
3.02500e+03 6.86074e-03
3.03000e+03 6.83710e-03
3.03500e+03 6.45996e-03
3.04000e+03 5.96332e-03
3.04500e+03 5.37825e-03
3.05000e+03 4.79525e-03
3.05500e+03 4.62030e-03
3.06000e+03 4.58219e-03
3.06500e+03 4.61575e-03
3.07000e+03 4.64536e-03
3.07500e+03 4.30675e-03
3.08000e+03 3.87348e-03
3.08500e+03 3.76822e-03
3.09000e+03 3.76936e-03
3.09500e+03 3.77628e-03
3.10000e+03 3.75905e-03
3.10500e+03 3.38766e-03
3.11000e+03 2.91401e-03
3.11500e+03 2.61497e-03
3.12000e+03 2.38061e-03
3.12500e+03 2.25308e-03
3.13000e+03 2.16033e-03
3.13500e+03 2.06760e-03
3.14000e+03 1.97615e-03
3.14500e+03 1.90198e-03
3.15000e+03 1.83347e-03
3.15500e+03 1.76498e-03
3.16000e+03 1.69690e-03
3.16500e+03 1.63409e-03
3.17000e+03 1.57304e-03
3.17500e+03 1.51200e-03
3.18000e+03 1.45147e-03
3.18500e+03 1.39784e-03
3.19000e+03 1.34651e-03
3.19500e+03 1.29518e-03
3.20000e+03 1.24420e-03
3.20500e+03 1.19856e-03
3.21000e+03 1.15480e-03
3.21500e+03 1.11112e-03
3.22000e+03 1.06780e-03
3.22500e+03 1.02904e-03
3.23000e+03 9.91807e-04
3.23500e+03 9.54631e-04
3.24000e+03 9.17889e-04
3.24500e+03 8.86696e-04
3.25000e+03 8.57370e-04
3.25500e+03 8.28086e-04
3.26000e+03 7.99117e-04
3.26500e+03 7.74136e-04
3.27000e+03 7.50506e-04
3.27500e+03 7.26907e-04
3.28000e+03 7.03459e-04
3.28500e+03 6.81711e-04
3.29000e+03 6.60553e-04
3.29500e+03 6.39424e-04
3.30000e+03 6.18455e-04
3.30500e+03 5.99421e-04
3.31000e+03 5.81051e-04
3.31500e+03 5.62706e-04
3.32000e+03 5.44548e-04
3.32500e+03 5.28733e-04
3.33000e+03 5.13725e-04
3.33500e+03 4.98738e-04
3.34000e+03 4.83839e-04
3.34500e+03 4.69932e-04
3.35000e+03 4.56374e-04
3.35500e+03 4.42835e-04
3.36000e+03 4.29390e-04
3.36500e+03 4.17058e-04
3.37000e+03 4.05116e-04
3.37500e+03 3.93191e-04
3.38000e+03 3.81390e-04
3.38500e+03 3.71209e-04
3.39000e+03 3.61586e-04
3.39500e+03 3.51976e-04
3.40000e+03 3.42358e-04
3.40500e+03 3.33412e-04
3.41000e+03 3.24850e-04
3.41500e+03 3.16338e-04
3.42000e+03 3.07894e-04
3.42500e+03 2.99792e-04
3.43000e+03 2.91835e-04
3.43500e+03 2.83919e-04
3.44000e+03 2.76109e-04
3.44500e+03 2.69251e-04
3.45000e+03 2.62744e-04
3.45500e+03 2.56275e-04
3.46000e+03 2.49824e-04
3.46500e+03 2.43100e-04
3.47000e+03 2.36309e-04
3.47500e+03 2.29560e-04
3.48000e+03 2.22902e-04
3.48500e+03 2.17028e-04
3.49000e+03 2.11448e-04
3.49500e+03 2.05902e-04
3.50000e+03 2.00411e-04
3.50500e+03 1.95298e-04
3.51000e+03 1.90334e-04
3.51500e+03 1.85400e-04
3.52000e+03 1.80541e-04
3.52500e+03 1.76389e-04
3.53000e+03 1.72497e-04
3.53500e+03 1.68630e-04
3.54000e+03 1.64795e-04
3.54500e+03 1.61113e-04
3.55000e+03 1.57500e-04
3.55500e+03 1.53909e-04
3.56000e+03 1.50331e-04
3.56500e+03 1.46622e-04
3.57000e+03 1.42883e-04
3.57500e+03 1.39167e-04
3.58000e+03 1.35510e-04
3.58500e+03 1.32427e-04
3.59000e+03 1.29557e-04
3.59500e+03 1.26705e-04
3.60000e+03 1.23967e-04
3.60500e+03 1.22028e-04
3.61000e+03 1.20282e-04
3.61500e+03 1.18532e-04
3.62000e+03 1.16782e-04
3.62500e+03 1.15116e-04
3.63000e+03 1.13475e-04
3.63500e+03 1.11824e-04
3.64000e+03 1.10170e-04
3.64500e+03 1.08536e-04
3.65000e+03 1.06906e-04
3.65500e+03 1.05274e-04
3.66000e+03 1.03632e-04
3.66500e+03 1.01904e-04
3.67000e+03 1.00143e-04
3.67500e+03 9.83773e-05
3.68000e+03 9.66249e-05
3.68500e+03 9.51414e-05
3.69000e+03 9.37526e-05
3.69500e+03 9.23605e-05
3.70000e+03 9.09741e-05
3.70500e+03 8.97255e-05
3.71000e+03 8.85249e-05
3.71500e+03 8.73215e-05
3.72000e+03 8.61217e-05
3.72500e+03 8.50176e-05
3.73000e+03 8.39469e-05
3.73500e+03 8.28739e-05
3.74000e+03 8.17970e-05
3.74500e+03 8.06931e-05
3.75000e+03 7.95778e-05
3.75500e+03 7.84600e-05
3.76000e+03 7.73403e-05
3.76500e+03 7.62243e-05
3.77000e+03 7.51081e-05
3.77500e+03 7.39894e-05
3.78000e+03 7.28841e-05
3.78500e+03 7.20416e-05
3.79000e+03 7.12943e-05
3.79500e+03 7.05453e-05
3.80000e+03 6.98152e-05
3.80500e+03 6.92442e-05
3.81000e+03 6.87079e-05
3.81500e+03 6.81671e-05
3.82000e+03 6.76072e-05
3.82500e+03 6.67938e-05
3.83000e+03 6.58822e-05
3.83500e+03 6.49641e-05
3.84000e+03 6.40668e-05
3.84500e+03 6.36323e-05
3.85000e+03 6.33677e-05
3.85500e+03 6.31005e-05
3.86000e+03 6.28137e-05
3.86500e+03 6.22367e-05
3.87000e+03 6.15483e-05
3.87500e+03 6.08549e-05
3.88000e+03 6.01677e-05
3.88500e+03 5.96630e-05
3.89000e+03 5.92249e-05
3.89500e+03 5.87833e-05
3.90000e+03 5.83354e-05
3.90500e+03 5.78372e-05
3.91000e+03 5.73177e-05
3.91500e+03 5.67941e-05
3.92000e+03 5.62690e-05
3.92500e+03 5.57778e-05
3.93000e+03 5.52972e-05
3.93500e+03 5.48130e-05
3.94000e+03 5.43298e-05
3.94500e+03 5.39221e-05
3.95000e+03 5.35412e-05
3.95500e+03 5.31572e-05
3.96000e+03 5.27706e-05
3.96500e+03 5.23872e-05
3.97000e+03 5.20033e-05
3.97500e+03 5.16163e-05
3.98000e+03 5.12381e-05
3.98500e+03 5.10622e-05
3.99000e+03 5.09627e-05
3.99500e+03 5.08618e-05
4.00000e+03 5.07392e-05
4.00500e+03 5.03984e-05
4.01000e+03 4.99887e-05
4.01500e+03 4.95781e-05
4.02000e+03 4.91687e-05
4.02500e+03 4.87909e-05
4.03000e+03 4.84268e-05
4.03500e+03 4.80732e-05
4.04000e+03 4.77141e-05
4.04500e+03 4.72368e-05
4.05000e+03 4.67132e-05
4.05500e+03 4.61883e-05
4.06000e+03 4.56662e-05
4.06500e+03 4.52138e-05
4.07000e+03 4.47879e-05
4.07500e+03 4.43610e-05
4.08000e+03 4.39372e-05
4.08500e+03 4.35891e-05
4.09000e+03 4.32699e-05
4.09500e+03 4.29498e-05
4.10000e+03 4.26309e-05
4.10500e+03 4.23458e-05
4.11000e+03 4.20735e-05
4.11500e+03 4.18005e-05
4.12000e+03 4.15317e-05
4.12500e+03 4.13525e-05
4.13000e+03 4.12080e-05
4.13500e+03 4.10631e-05
4.14000e+03 4.09100e-05
4.14500e+03 4.06129e-05
4.15000e+03 4.02588e-05
4.15500e+03 3.99038e-05
4.16000e+03 3.95563e-05
4.16500e+03 3.93609e-05
4.17000e+03 3.92253e-05
4.17500e+03 3.90892e-05
4.18000e+03 3.89482e-05
4.18500e+03 3.87226e-05
4.19000e+03 3.84632e-05
4.19500e+03 3.82032e-05
4.20000e+03 3.79411e-05
4.20500e+03 3.76494e-05
4.21000e+03 3.73455e-05
4.21500e+03 3.70409e-05
4.22000e+03 3.67471e-05
4.22500e+03 3.66659e-05
4.23000e+03 3.66686e-05
4.23500e+03 3.66660e-05
4.24000e+03 3.66526e-05
4.24500e+03 3.64426e-05
4.25000e+03 3.61546e-05
4.25500e+03 3.58661e-05
4.26000e+03 3.55778e-05
4.26500e+03 3.53035e-05
4.27000e+03 3.50345e-05
4.27500e+03 3.47651e-05
4.28000e+03 3.45005e-05
4.28500e+03 3.43431e-05
4.29000e+03 3.42283e-05
4.29500e+03 3.41132e-05
4.30000e+03 3.39918e-05
4.30500e+03 3.37507e-05
4.31000e+03 3.34612e-05
4.31500e+03 3.31712e-05
4.32000e+03 3.28871e-05
4.32500e+03 3.27241e-05
4.33000e+03 3.26103e-05
4.33500e+03 3.24962e-05
4.34000e+03 3.23806e-05
4.34500e+03 3.22373e-05
4.35000e+03 3.20827e-05
4.35500e+03 3.19278e-05
4.36000e+03 3.17755e-05
4.36500e+03 3.16815e-05
4.37000e+03 3.16111e-05
4.37500e+03 3.15406e-05
4.38000e+03 3.14719e-05
4.38500e+03 3.14455e-05
4.39000e+03 3.14362e-05
4.39500e+03 3.14268e-05
4.40000e+03 3.14130e-05
4.40500e+03 3.13133e-05
4.41000e+03 3.11779e-05
4.41500e+03 3.10423e-05
4.42000e+03 3.09054e-05
4.42500e+03 3.07453e-05
4.43000e+03 3.05764e-05
4.43500e+03 3.04115e-05
4.44000e+03 3.02519e-05
4.44500e+03 3.01898e-05
4.45000e+03 3.01683e-05
4.45500e+03 3.01467e-05
4.46000e+03 3.01209e-05
4.46500e+03 3.00118e-05
4.47000e+03 2.98678e-05
4.47500e+03 2.97235e-05
4.48000e+03 2.95763e-05
4.48500e+03 2.93717e-05
4.49000e+03 2.91429e-05
4.49500e+03 2.89138e-05
4.50000e+03 2.86816e-05
4.50500e+03 2.84225e-05
4.51000e+03 2.81548e-05
4.51500e+03 2.78868e-05
4.52000e+03 2.76267e-05
4.52500e+03 2.75361e-05
4.53000e+03 2.75165e-05
4.53500e+03 2.74969e-05
4.54000e+03 2.74779e-05
4.54500e+03 2.74712e-05
4.55000e+03 2.74698e-05
4.55500e+03 2.74683e-05
4.56000e+03 2.74633e-05
4.56500e+03 2.73830e-05
4.57000e+03 2.72708e-05
4.57500e+03 2.71584e-05
4.58000e+03 2.70444e-05
4.58500e+03 2.68936e-05
4.59000e+03 2.67274e-05
4.59500e+03 2.65611e-05
4.60000e+03 2.63996e-05
4.60500e+03 2.63409e-05
4.61000e+03 2.63262e-05
4.61500e+03 2.63116e-05
4.62000e+03 2.62921e-05
4.62500e+03 2.61700e-05
4.63000e+03 2.60036e-05
4.63500e+03 2.58350e-05
4.64000e+03 2.56676e-05
4.64500e+03 2.55395e-05
4.65000e+03 2.54280e-05
4.65500e+03 2.53165e-05
4.66000e+03 2.52120e-05
4.66500e+03 2.52656e-05
4.67000e+03 2.53870e-05
4.67500e+03 2.55086e-05
4.68000e+03 2.56269e-05
4.68500e+03 2.56733e-05
4.69000e+03 2.56886e-05
4.69500e+03 2.57040e-05
4.70000e+03 2.57064e-05
4.70500e+03 2.54124e-05
4.71000e+03 2.49905e-05
4.71500e+03 2.45684e-05
4.72000e+03 2.41531e-05
4.72500e+03 2.39035e-05
4.73000e+03 2.37255e-05
4.73500e+03 2.35473e-05
4.74000e+03 2.33809e-05
4.74500e+03 2.34744e-05
4.75000e+03 2.36820e-05
4.75500e+03 2.38897e-05
4.76000e+03 2.40902e-05
4.76500e+03 2.41274e-05
4.77000e+03 2.40929e-05
4.77500e+03 2.40583e-05
4.78000e+03 2.40204e-05
4.78500e+03 2.39066e-05
4.79000e+03 2.37594e-05
4.79500e+03 2.36121e-05
4.80000e+03 2.34679e-05
4.80500e+03 2.33987e-05
4.81000e+03 2.33625e-05
4.81500e+03 2.33263e-05
4.82000e+03 2.32935e-05
4.82500e+03 2.33368e-05
4.83000e+03 2.34139e-05
4.83500e+03 2.34901e-05
4.84000e+03 2.35620e-05
4.84500e+03 2.35393e-05
4.85000e+03 2.34743e-05
4.85500e+03 2.34093e-05
4.86000e+03 2.33408e-05
4.86500e+03 2.31916e-05
4.87000e+03 2.30062e-05
4.87500e+03 2.28209e-05
4.88000e+03 2.26420e-05
4.88500e+03 2.26180e-05
4.89000e+03 2.26635e-05
4.89500e+03 2.27090e-05
4.90000e+03 2.27558e-05
4.90500e+03 2.28319e-05
4.91000e+03 2.29213e-05
4.91500e+03 2.30106e-05
4.92000e+03 2.30927e-05
4.92500e+03 2.30068e-05
4.93000e+03 2.28445e-05
4.93500e+03 2.26822e-05
4.94000e+03 2.25230e-05
4.94500e+03 2.24409e-05
4.95000e+03 2.23939e-05
4.95500e+03 2.23469e-05
4.96000e+03 2.22983e-05
4.96500e+03 2.22107e-05
4.97000e+03 2.21055e-05
4.97500e+03 2.20002e-05
4.98000e+03 2.18955e-05
4.98500e+03 2.18055e-05
4.99000e+03 2.17221e-05
4.99500e+03 2.16387e-05
5.00000e+03 2.15566e-05
5.00500e+03 2.15127e-05
5.01000e+03 2.14868e-05
5.01500e+03 2.14609e-05
5.02000e+03 2.14325e-05
5.02500e+03 2.13382e-05
5.03000e+03 2.12134e-05
5.03500e+03 2.10869e-05
5.04000e+03 2.09631e-05
5.04500e+03 2.09133e-05
5.05000e+03 2.08979e-05
5.05500e+03 2.08825e-05
5.06000e+03 2.08701e-05
5.06500e+03 2.09318e-05
5.07000e+03 2.10280e-05
5.07500e+03 2.11243e-05
5.08000e+03 2.12166e-05
5.08500e+03 2.12160e-05
5.09000e+03 2.11717e-05
5.09500e+03 2.11275e-05
5.10000e+03 2.10804e-05
5.10500e+03 2.09607e-05
5.11000e+03 2.08070e-05
5.11500e+03 2.06533e-05
5.12000e+03 2.05108e-05
5.12500e+03 2.06440e-05
5.13000e+03 2.09073e-05
5.13500e+03 2.11706e-05
5.14000e+03 2.14243e-05
5.14500e+03 2.14285e-05
5.15000e+03 2.13153e-05
5.15500e+03 2.12022e-05
5.16000e+03 2.10890e-05
5.16500e+03 2.09713e-05
5.17000e+03 2.08517e-05
5.17500e+03 2.07320e-05
5.18000e+03 2.06171e-05
5.18500e+03 2.06224e-05
5.19000e+03 2.06851e-05
5.19500e+03 2.07479e-05
5.20000e+03 2.08037e-05
5.20500e+03 2.06581e-05
5.21000e+03 2.04179e-05
5.21500e+03 2.01776e-05
5.22000e+03 1.99427e-05
5.22500e+03 1.98405e-05
5.23000e+03 1.98022e-05
5.23500e+03 1.97644e-05
5.24000e+03 1.97289e-05
5.24500e+03 1.97531e-05
5.25000e+03 1.98058e-05
5.25500e+03 1.98585e-05
5.26000e+03 1.99083e-05
5.26500e+03 1.98733e-05
5.27000e+03 1.97979e-05
5.27500e+03 1.97225e-05
5.28000e+03 1.96496e-05
5.28500e+03 1.96433e-05
5.29000e+03 1.96693e-05
5.29500e+03 1.96953e-05
5.30000e+03 1.97194e-05
5.30500e+03 1.96939e-05
5.31000e+03 1.96441e-05
5.31500e+03 1.95944e-05
5.32000e+03 1.95470e-05
5.32500e+03 1.95636e-05
5.33000e+03 1.96115e-05
5.33500e+03 1.96593e-05
5.34000e+03 1.97071e-05
5.34500e+03 1.97542e-05
5.35000e+03 1.98008e-05
5.35500e+03 1.98474e-05
5.36000e+03 1.98904e-05
5.36500e+03 1.98298e-05
5.37000e+03 1.97185e-05
5.37500e+03 1.96072e-05
5.38000e+03 1.94956e-05
5.38500e+03 1.93729e-05
5.39000e+03 1.92448e-05
5.39500e+03 1.91167e-05
5.40000e+03 1.89887e-05
5.40500e+03 1.88615e-05
5.41000e+03 1.87347e-05
5.41500e+03 1.86080e-05
5.42000e+03 1.84852e-05
5.42500e+03 1.84763e-05
5.43000e+03 1.85241e-05
5.43500e+03 1.85717e-05
5.44000e+03 1.86211e-05
5.44500e+03 1.87215e-05
5.45000e+03 1.88474e-05
5.45500e+03 1.89732e-05
5.46000e+03 1.90942e-05
5.46500e+03 1.90766e-05
5.47000e+03 1.89896e-05
5.47500e+03 1.89027e-05
5.48000e+03 1.88166e-05
5.48500e+03 1.87540e-05
5.49000e+03 1.87034e-05
5.49500e+03 1.86528e-05
5.50000e+03 1.86022e-05
5.50500e+03 1.85544e-05
5.51000e+03 1.85078e-05
5.51500e+03 1.84612e-05
5.52000e+03 1.84187e-05
5.52500e+03 1.85096e-05
5.53000e+03 1.86673e-05
5.53500e+03 1.88249e-05
5.54000e+03 1.89771e-05
5.54500e+03 1.89697e-05
5.55000e+03 1.88813e-05
5.55500e+03 1.87929e-05
5.56000e+03 1.87079e-05
5.56500e+03 1.87237e-05
5.57000e+03 1.87912e-05
5.57500e+03 1.88586e-05
5.58000e+03 1.89259e-05
5.58500e+03 1.89899e-05
5.59000e+03 1.90521e-05
5.59500e+03 1.91143e-05
5.60000e+03 1.91720e-05
5.60500e+03 1.90877e-05
5.61000e+03 1.89307e-05
5.61500e+03 1.87738e-05
5.62000e+03 1.86198e-05
5.62500e+03 1.85689e-05
5.63000e+03 1.85701e-05
5.63500e+03 1.85695e-05
5.64000e+03 1.85668e-05
5.64500e+03 1.85108e-05
5.65000e+03 1.84272e-05
5.65500e+03 1.83436e-05
5.66000e+03 1.82606e-05
5.66500e+03 1.81922e-05
5.67000e+03 1.81316e-05
5.67500e+03 1.80709e-05
5.68000e+03 1.80139e-05
5.68500e+03 1.80782e-05
5.69000e+03 1.82052e-05
5.69500e+03 1.83322e-05
5.70000e+03 1.84555e-05
5.70500e+03 1.84679e-05
5.71000e+03 1.84220e-05
5.71500e+03 1.83761e-05
5.72000e+03 1.83285e-05
5.72500e+03 1.82217e-05
5.73000e+03 1.80841e-05
5.73500e+03 1.79465e-05
5.74000e+03 1.78130e-05
5.74500e+03 1.78009e-05
5.75000e+03 1.78533e-05
5.75500e+03 1.79056e-05
5.76000e+03 1.79559e-05
5.76500e+03 1.79349e-05
5.77000e+03 1.78765e-05
5.77500e+03 1.78181e-05
5.78000e+03 1.77597e-05
5.78500e+03 1.77020e-05
5.79000e+03 1.76447e-05
5.79500e+03 1.75874e-05
5.80000e+03 1.75349e-05
5.80500e+03 1.76348e-05
5.81000e+03 1.78161e-05
5.81500e+03 1.79974e-05
5.82000e+03 1.81686e-05
5.82500e+03 1.80306e-05
5.83000e+03 1.77261e-05
5.83500e+03 1.74226e-05
5.84000e+03 1.71249e-05
5.84500e+03 1.69951e-05
5.85000e+03 1.69563e-05
5.85500e+03 1.69176e-05
5.86000e+03 1.68782e-05
5.86500e+03 1.68199e-05
5.87000e+03 1.67512e-05
5.87500e+03 1.66825e-05
5.88000e+03 1.66182e-05
5.88500e+03 1.66896e-05
5.89000e+03 1.68349e-05
5.89500e+03 1.69803e-05
5.90000e+03 1.71202e-05
5.90500e+03 1.70782e-05
5.91000e+03 1.69373e-05
5.91500e+03 1.67965e-05
5.92000e+03 1.66592e-05
5.92500e+03 1.66688e-05
5.93000e+03 1.67570e-05
5.93500e+03 1.68452e-05
5.94000e+03 1.69376e-05
5.94500e+03 1.71719e-05
5.95000e+03 1.74840e-05
5.95500e+03 1.77960e-05
5.96000e+03 1.80934e-05
5.96500e+03 1.79180e-05
5.97000e+03 1.74810e-05
5.97500e+03 1.70441e-05
5.98000e+03 1.66141e-05
5.98500e+03 1.64744e-05
5.99000e+03 1.64920e-05
5.99500e+03 1.65096e-05
6.00000e+03 1.65288e-05
6.00500e+03 1.65775e-05
6.01000e+03 1.66409e-05
6.01500e+03 1.67044e-05
6.02000e+03 1.67669e-05
6.02500e+03 1.67883e-05
6.03000e+03 1.67871e-05
6.03500e+03 1.67851e-05
6.04000e+03 1.67807e-05
6.04500e+03 1.66988e-05
6.05000e+03 1.65732e-05
6.05500e+03 1.64476e-05
6.06000e+03 1.63252e-05
6.06500e+03 1.63132e-05
6.07000e+03 1.63634e-05
6.07500e+03 1.64136e-05
6.08000e+03 1.64619e-05
6.08500e+03 1.64291e-05
6.09000e+03 1.63513e-05
6.09500e+03 1.62735e-05
6.10000e+03 1.61990e-05
6.10500e+03 1.62680e-05
6.11000e+03 1.64172e-05
6.11500e+03 1.65664e-05
6.12000e+03 1.67141e-05
6.12500e+03 1.68038e-05
6.13000e+03 1.68608e-05
6.13500e+03 1.69177e-05
6.14000e+03 1.69697e-05
6.14500e+03 1.68441e-05
6.15000e+03 1.66170e-05
6.15500e+03 1.63898e-05
6.16000e+03 1.61681e-05
6.16500e+03 1.61468e-05
6.17000e+03 1.62406e-05
6.17500e+03 1.63344e-05
6.18000e+03 1.64253e-05
6.18500e+03 1.64080e-05
6.19000e+03 1.63285e-05
6.19500e+03 1.62489e-05
6.20000e+03 1.61684e-05
6.20500e+03 1.60494e-05
6.21000e+03 1.59083e-05
6.21500e+03 1.57673e-05
6.22000e+03 1.56292e-05
6.22500e+03 1.56460e-05
6.23000e+03 1.57504e-05
6.23500e+03 1.58552e-05
6.24000e+03 1.59597e-05
6.24500e+03 1.60436e-05
6.25000e+03 1.61156e-05
6.25500e+03 1.61876e-05
6.26000e+03 1.62573e-05
6.26500e+03 1.62452e-05
6.27000e+03 1.61850e-05
6.27500e+03 1.61248e-05
6.28000e+03 1.60637e-05
6.28500e+03 1.59652e-05
6.29000e+03 1.58451e-05
6.29500e+03 1.57250e-05
6.30000e+03 1.56073e-05
6.30500e+03 1.55819e-05
6.31000e+03 1.56110e-05
6.31500e+03 1.56401e-05
6.32000e+03 1.56721e-05
6.32500e+03 1.58267e-05
6.33000e+03 1.60534e-05
6.33500e+03 1.62801e-05
6.34000e+03 1.65034e-05
6.34500e+03 1.65969e-05
6.35000e+03 1.66131e-05
6.35500e+03 1.66293e-05
6.36000e+03 1.66445e-05
6.36500e+03 1.66131e-05
6.37000e+03 1.65546e-05
6.37500e+03 1.64959e-05
6.38000e+03 1.64398e-05
6.38500e+03 1.64789e-05
6.39000e+03 1.65752e-05
6.39500e+03 1.66714e-05
6.40000e+03 1.67515e-05
6.40500e+03 1.61854e-05
6.41000e+03 1.52314e-05
6.41500e+03 1.42770e-05
6.42000e+03 1.33433e-05
6.42500e+03 1.35634e-05
6.43000e+03 1.44625e-05
6.43500e+03 1.53606e-05
6.44000e+03 1.62445e-05
6.44500e+03 1.64570e-05
6.45000e+03 1.62687e-05
6.45500e+03 1.60803e-05
6.46000e+03 1.58953e-05
6.46500e+03 1.58575e-05
6.47000e+03 1.59090e-05
6.47500e+03 1.59605e-05
6.48000e+03 1.60117e-05
6.48500e+03 1.60574e-05
6.49000e+03 1.60996e-05
6.49500e+03 1.61418e-05
6.50000e+03 1.61826e-05
6.50500e+03 1.62245e-05
6.51000e+03 1.62713e-05
6.51500e+03 1.63179e-05
6.52000e+03 1.63587e-05
6.52500e+03 1.61643e-05
6.53000e+03 1.58257e-05
6.53500e+03 1.54876e-05
6.54000e+03 1.51601e-05
6.54500e+03 1.52817e-05
6.55000e+03 1.56780e-05
6.55500e+03 1.60737e-05
6.56000e+03 1.64621e-05
6.56500e+03 1.64680e-05
6.57000e+03 1.62432e-05
6.57500e+03 1.60185e-05
6.58000e+03 1.57974e-05
6.58500e+03 1.57340e-05
6.59000e+03 1.57674e-05
6.59500e+03 1.58007e-05
6.60000e+03 1.58343e-05
6.60500e+03 1.58833e-05
6.61000e+03 1.59420e-05
6.61500e+03 1.60005e-05
6.62000e+03 1.60602e-05
6.62500e+03 1.61764e-05
6.63000e+03 1.63273e-05
6.63500e+03 1.64757e-05
6.64000e+03 1.66201e-05
6.64500e+03 1.65863e-05
6.65000e+03 1.64429e-05
6.65500e+03 1.62998e-05
6.66000e+03 1.61551e-05
6.66500e+03 1.59425e-05
6.67000e+03 1.56868e-05
6.67500e+03 1.54317e-05
6.68000e+03 1.51819e-05
6.68500e+03 1.52620e-05
6.69000e+03 1.55446e-05
6.69500e+03 1.58266e-05
6.70000e+03 1.61007e-05
6.70500e+03 1.60818e-05
6.71000e+03 1.58754e-05
6.71500e+03 1.56695e-05
6.72000e+03 1.54614e-05
6.72500e+03 1.51042e-05
6.73000e+03 1.46541e-05
6.73500e+03 1.42049e-05
6.74000e+03 1.37675e-05
6.74500e+03 1.38212e-05
6.75000e+03 1.41883e-05
6.75500e+03 1.45548e-05
6.76000e+03 1.49304e-05
6.76500e+03 1.57143e-05
6.77000e+03 1.67617e-05
6.77500e+03 1.78068e-05
6.78000e+03 1.88271e-05
6.78500e+03 1.86078e-05
6.79000e+03 1.76002e-05
6.79500e+03 1.65947e-05
6.80000e+03 1.56000e-05
6.80500e+03 1.51559e-05
6.81000e+03 1.50604e-05
6.81500e+03 1.49654e-05
6.82000e+03 1.48739e-05
6.82500e+03 1.49401e-05
6.83000e+03 1.51085e-05
6.83500e+03 1.52779e-05
6.84000e+03 1.54438e-05
6.84500e+03 1.54622e-05
6.85000e+03 1.53839e-05
6.85500e+03 1.53058e-05
6.86000e+03 1.52299e-05
6.86500e+03 1.52452e-05
6.87000e+03 1.53207e-05
6.87500e+03 1.53961e-05
6.88000e+03 1.54726e-05
6.88500e+03 1.56065e-05
6.89000e+03 1.57784e-05
6.89500e+03 1.59499e-05
6.90000e+03 1.61136e-05
6.90500e+03 1.59544e-05
6.91000e+03 1.55807e-05
6.91500e+03 1.52077e-05
6.92000e+03 1.48381e-05
6.92500e+03 1.45912e-05
6.93000e+03 1.44261e-05
6.93500e+03 1.42613e-05
6.94000e+03 1.41070e-05
6.94500e+03 1.45039e-05
6.95000e+03 1.52632e-05
6.95500e+03 1.60215e-05
6.96000e+03 1.67701e-05
6.96500e+03 1.68406e-05
6.97000e+03 1.64714e-05
6.97500e+03 1.61027e-05
6.98000e+03 1.57354e-05
6.98500e+03 1.54021e-05
6.99000e+03 1.50918e-05
6.99500e+03 1.47821e-05
7.00000e+03 1.44821e-05
7.00500e+03 1.46128e-05
7.01000e+03 1.50387e-05
7.01500e+03 1.54633e-05
7.02000e+03 1.58790e-05
7.02500e+03 1.58626e-05
7.03000e+03 1.55578e-05
7.03500e+03 1.52514e-05
7.04000e+03 1.49493e-05
7.04500e+03 1.48563e-05
7.05000e+03 1.49037e-05
7.05500e+03 1.49508e-05
7.06000e+03 1.49955e-05
7.06500e+03 1.49385e-05
7.07000e+03 1.48120e-05
7.07500e+03 1.46858e-05
7.08000e+03 1.45591e-05
7.08500e+03 1.43653e-05
7.09000e+03 1.41270e-05
7.09500e+03 1.38894e-05
7.10000e+03 1.36645e-05
7.10500e+03 1.39724e-05
7.11000e+03 1.46477e-05
7.11500e+03 1.53209e-05
7.12000e+03 1.59804e-05
7.12500e+03 1.58939e-05
7.13000e+03 1.53016e-05
7.13500e+03 1.47115e-05
7.14000e+03 1.41305e-05
7.14500e+03 1.39450e-05
7.15000e+03 1.40308e-05
7.15500e+03 1.41168e-05
7.16000e+03 1.42005e-05
7.16500e+03 1.41977e-05
7.17000e+03 1.41344e-05
7.17500e+03 1.40712e-05
7.18000e+03 1.40116e-05
7.18500e+03 1.42258e-05
7.19000e+03 1.46263e-05
7.19500e+03 1.50254e-05
7.20000e+03 1.54179e-05
7.20500e+03 1.54830e-05
7.21000e+03 1.53231e-05
7.21500e+03 1.51632e-05
7.22000e+03 1.50103e-05
7.22500e+03 1.51657e-05
7.23000e+03 1.55379e-05
7.23500e+03 1.59066e-05
7.24000e+03 1.62630e-05
7.24500e+03 1.61396e-05
7.25000e+03 1.56752e-05
7.25500e+03 1.52124e-05
7.26000e+03 1.47595e-05
7.26500e+03 1.47143e-05
7.27000e+03 1.49585e-05
7.27500e+03 1.52018e-05
7.28000e+03 1.54398e-05
7.28500e+03 1.54345e-05
7.29000e+03 1.52570e-05
7.29500e+03 1.50801e-05
7.30000e+03 1.49052e-05
7.30500e+03 1.48156e-05
7.31000e+03 1.47865e-05
7.31500e+03 1.47574e-05
7.32000e+03 1.47316e-05
7.32500e+03 1.48937e-05
7.33000e+03 1.51894e-05
7.33500e+03 1.54839e-05
7.34000e+03 1.57684e-05
7.34500e+03 1.55663e-05
7.35000e+03 1.50150e-05
7.35500e+03 1.44658e-05
7.36000e+03 1.39290e-05
7.36500e+03 1.39031e-05
7.37000e+03 1.42484e-05
7.37500e+03 1.45922e-05
7.38000e+03 1.49342e-05
7.38500e+03 1.52543e-05
7.39000e+03 1.55581e-05
7.39500e+03 1.58606e-05
7.40000e+03 1.61555e-05
7.40500e+03 1.61014e-05
7.41000e+03 1.57946e-05
7.41500e+03 1.54885e-05
7.42000e+03 1.51857e-05
7.42500e+03 1.50932e-05
7.43000e+03 1.51505e-05
7.43500e+03 1.52107e-05
7.44000e+03 1.52711e-05
7.44500e+03 1.53206e-05
7.45000e+03 1.53623e-05
7.45500e+03 1.54038e-05
7.46000e+03 1.54425e-05
7.46500e+03 1.53577e-05
7.47000e+03 1.51811e-05
7.47500e+03 1.50050e-05
7.48000e+03 1.48339e-05
7.48500e+03 1.50004e-05
7.49000e+03 1.54110e-05
7.49500e+03 1.58210e-05
7.50000e+03 1.62233e-05
7.50500e+03 1.62504e-05
7.51000e+03 1.60017e-05
7.51500e+03 1.57539e-05
7.52000e+03 1.55117e-05
7.52500e+03 1.55356e-05
7.53000e+03 1.57567e-05
7.53500e+03 1.59775e-05
7.54000e+03 1.61964e-05
7.54500e+03 1.63333e-05
7.55000e+03 1.64097e-05
7.55500e+03 1.64858e-05
7.56000e+03 1.65603e-05
7.56500e+03 1.65706e-05
7.57000e+03 1.65329e-05
7.57500e+03 1.64952e-05
7.58000e+03 1.64594e-05
7.58500e+03 1.65534e-05
7.59000e+03 1.67444e-05
7.59500e+03 1.69347e-05
7.60000e+03 1.71222e-05
7.60500e+03 1.71690e-05
7.61000e+03 1.71114e-05
7.61500e+03 1.70535e-05
7.62000e+03 1.69973e-05
7.62500e+03 1.69998e-05
7.63000e+03 0.00000e+00
7.63500e+03 0.00000e+00
