# hst-wfpc2_f300w
# photon
# from FILTER.RES.DR34.latest
2.31000e+03 0.00000e+00
2.31500e+03 0.00000e+00
2.32000e+03 5.07885e-03
2.32500e+03 6.18397e-03
2.33000e+03 7.79899e-03
2.33500e+03 1.01224e-02
2.34000e+03 1.26433e-02
2.34500e+03 1.53971e-02
2.35000e+03 1.84281e-02
2.35500e+03 2.26377e-02
2.36000e+03 2.72498e-02
2.36500e+03 3.26944e-02
2.37000e+03 3.85459e-02
2.37500e+03 4.55259e-02
2.38000e+03 5.29424e-02
2.38500e+03 6.12495e-02
2.39000e+03 7.00464e-02
2.39500e+03 8.02293e-02
2.40000e+03 9.08981e-02
2.40500e+03 1.02301e-01
2.41000e+03 1.14173e-01
2.41500e+03 1.27285e-01
2.42000e+03 1.40874e-01
2.42500e+03 1.55151e-01
2.43000e+03 1.69911e-01
2.43500e+03 1.85923e-01
2.44000e+03 2.02357e-01
2.44500e+03 2.19007e-01
2.45000e+03 2.36020e-01
2.45500e+03 2.53974e-01
2.46000e+03 2.72206e-01
2.46500e+03 2.90075e-01
2.47000e+03 3.08270e-01
2.47500e+03 3.27780e-01
2.48000e+03 3.47561e-01
2.48500e+03 3.66520e-01
2.49000e+03 3.85692e-01
2.49500e+03 4.05960e-01
2.50000e+03 4.26376e-01
2.50500e+03 4.45474e-01
2.51000e+03 4.64719e-01
2.51500e+03 4.85210e-01
2.52000e+03 5.05783e-01
2.52500e+03 5.24523e-01
2.53000e+03 5.43287e-01
2.53500e+03 5.63125e-01
2.54000e+03 5.81591e-01
2.54500e+03 5.97051e-01
2.55000e+03 6.12375e-01
2.55500e+03 6.28737e-01
2.56000e+03 6.44926e-01
2.56500e+03 6.58753e-01
2.57000e+03 6.72340e-01
2.57500e+03 6.86670e-01
2.58000e+03 7.00818e-01
2.58500e+03 7.12881e-01
2.59000e+03 7.24646e-01
2.59500e+03 7.36573e-01
2.60000e+03 7.48370e-01
2.60500e+03 7.59067e-01
2.61000e+03 7.69599e-01
2.61500e+03 7.80147e-01
2.62000e+03 7.90601e-01
2.62500e+03 8.00366e-01
2.63000e+03 8.09959e-01
2.63500e+03 8.19139e-01
2.64000e+03 8.28106e-01
2.64500e+03 8.36168e-01
2.65000e+03 8.43941e-01
2.65500e+03 8.50893e-01
2.66000e+03 8.57625e-01
2.66500e+03 8.63892e-01
2.67000e+03 8.70058e-01
2.67500e+03 8.76137e-01
2.68000e+03 8.82199e-01
2.68500e+03 8.88306e-01
2.69000e+03 8.94629e-01
2.69500e+03 9.02261e-01
2.70000e+03 9.10337e-01
2.70500e+03 9.19782e-01
2.71000e+03 9.29449e-01
2.71500e+03 9.38847e-01
2.72000e+03 9.48023e-01
2.72500e+03 9.55950e-01
2.73000e+03 9.63609e-01
2.73500e+03 9.70831e-01
2.74000e+03 9.77924e-01
2.74500e+03 9.84621e-01
2.75000e+03 9.90655e-01
2.75500e+03 9.93119e-01
2.76000e+03 9.94891e-01
2.76500e+03 9.96116e-01
2.77000e+03 9.97219e-01
2.77500e+03 9.98140e-01
2.78000e+03 9.98932e-01
2.78500e+03 9.99147e-01
2.79000e+03 9.99298e-01
2.79500e+03 9.99664e-01
2.80000e+03 1.00000e+00
2.80500e+03 9.99945e-01
2.81000e+03 9.99776e-01
2.81500e+03 9.99332e-01
2.82000e+03 9.98825e-01
2.82500e+03 9.98229e-01
2.83000e+03 9.97649e-01
2.83500e+03 9.97267e-01
2.84000e+03 9.96975e-01
2.84500e+03 9.97035e-01
2.85000e+03 9.97035e-01
2.85500e+03 9.96331e-01
2.86000e+03 9.95612e-01
2.86500e+03 9.95518e-01
2.87000e+03 9.95410e-01
2.87500e+03 9.94611e-01
2.88000e+03 9.93746e-01
2.88500e+03 9.93203e-01
2.89000e+03 9.92569e-01
2.89500e+03 9.91078e-01
2.90000e+03 9.88974e-01
2.90500e+03 9.84113e-01
2.91000e+03 9.78910e-01
2.91500e+03 9.74406e-01
2.92000e+03 9.69922e-01
2.92500e+03 9.64856e-01
2.93000e+03 9.59663e-01
2.93500e+03 9.54265e-01
2.94000e+03 9.48911e-01
2.94500e+03 9.43994e-01
2.95000e+03 9.39110e-01
2.95500e+03 9.33966e-01
2.96000e+03 9.28814e-01
2.96500e+03 9.23830e-01
2.97000e+03 9.18763e-01
2.97500e+03 9.13010e-01
2.98000e+03 9.07248e-01
2.98500e+03 9.02068e-01
2.99000e+03 8.96919e-01
2.99500e+03 8.91335e-01
3.00000e+03 8.85693e-01
3.00500e+03 8.80081e-01
3.01000e+03 8.74496e-01
3.01500e+03 8.68986e-01
3.02000e+03 8.63520e-01
3.02500e+03 8.58190e-01
3.03000e+03 8.52821e-01
3.03500e+03 8.47035e-01
3.04000e+03 8.41205e-01
3.04500e+03 8.35464e-01
3.05000e+03 8.29699e-01
3.05500e+03 8.23647e-01
3.06000e+03 8.17584e-01
3.06500e+03 8.11686e-01
3.07000e+03 8.05781e-01
3.07500e+03 7.99603e-01
3.08000e+03 7.93391e-01
3.08500e+03 7.87172e-01
3.09000e+03 7.80942e-01
3.09500e+03 7.74576e-01
3.10000e+03 7.68800e-01
3.10500e+03 7.66584e-01
3.11000e+03 7.64881e-01
3.11500e+03 7.62772e-01
3.12000e+03 7.60530e-01
3.12500e+03 7.57993e-01
3.13000e+03 7.55371e-01
3.13500e+03 7.52634e-01
3.14000e+03 7.49909e-01
3.14500e+03 7.47461e-01
3.15000e+03 7.44913e-01
3.15500e+03 7.41568e-01
3.16000e+03 7.38136e-01
3.16500e+03 7.35096e-01
3.17000e+03 7.32017e-01
3.17500e+03 7.28414e-01
3.18000e+03 7.24739e-01
3.18500e+03 7.21272e-01
3.19000e+03 7.17707e-01
3.19500e+03 7.13444e-01
3.20000e+03 7.09133e-01
3.20500e+03 7.05354e-01
3.21000e+03 7.01516e-01
3.21500e+03 6.96900e-01
3.22000e+03 6.92204e-01
3.22500e+03 6.87944e-01
3.23000e+03 6.83623e-01
3.23500e+03 6.78611e-01
3.24000e+03 6.73546e-01
3.24500e+03 6.68999e-01
3.25000e+03 6.64371e-01
3.25500e+03 6.58866e-01
3.26000e+03 6.53249e-01
3.26500e+03 6.47989e-01
3.27000e+03 6.42658e-01
3.27500e+03 6.36675e-01
3.28000e+03 6.30681e-01
3.28500e+03 6.25429e-01
3.29000e+03 6.20169e-01
3.29500e+03 6.14241e-01
3.30000e+03 6.08234e-01
3.30500e+03 6.02582e-01
3.31000e+03 5.96835e-01
3.31500e+03 5.90307e-01
3.32000e+03 5.83730e-01
3.32500e+03 5.77802e-01
3.33000e+03 5.71832e-01
3.33500e+03 5.65091e-01
3.34000e+03 5.58355e-01
3.34500e+03 5.52589e-01
3.35000e+03 5.46832e-01
3.35500e+03 5.40289e-01
3.36000e+03 5.33661e-01
3.36500e+03 5.27474e-01
3.37000e+03 5.21248e-01
3.37500e+03 5.14494e-01
3.38000e+03 5.07817e-01
3.38500e+03 5.02280e-01
3.39000e+03 4.96447e-01
3.39500e+03 4.87819e-01
3.40000e+03 4.79055e-01
3.40500e+03 4.72485e-01
3.41000e+03 4.66312e-01
3.41500e+03 4.60434e-01
3.42000e+03 4.54520e-01
3.42500e+03 4.48232e-01
3.43000e+03 4.41920e-01
3.43500e+03 4.35995e-01
3.44000e+03 4.30058e-01
3.44500e+03 4.23805e-01
3.45000e+03 4.17558e-01
3.45500e+03 4.11803e-01
3.46000e+03 4.06065e-01
3.46500e+03 4.00063e-01
3.47000e+03 3.94076e-01
3.47500e+03 3.88589e-01
3.48000e+03 3.83103e-01
3.48500e+03 3.77249e-01
3.49000e+03 3.71396e-01
3.49500e+03 3.66067e-01
3.50000e+03 3.60745e-01
3.50500e+03 3.55067e-01
3.51000e+03 3.49398e-01
3.51500e+03 3.44280e-01
3.52000e+03 3.39168e-01
3.52500e+03 3.33660e-01
3.53000e+03 3.28156e-01
3.53500e+03 3.23190e-01
3.54000e+03 3.18234e-01
3.54500e+03 3.12912e-01
3.55000e+03 3.07605e-01
3.55500e+03 3.02901e-01
3.56000e+03 2.98222e-01
3.56500e+03 2.93219e-01
3.57000e+03 2.88202e-01
3.57500e+03 2.83550e-01
3.58000e+03 2.78908e-01
3.58500e+03 2.74065e-01
3.59000e+03 2.69227e-01
3.59500e+03 2.64741e-01
3.60000e+03 2.60250e-01
3.60500e+03 2.55483e-01
3.61000e+03 2.50722e-01
3.61500e+03 2.46389e-01
3.62000e+03 2.42072e-01
3.62500e+03 2.37516e-01
3.63000e+03 2.32966e-01
3.63500e+03 2.28795e-01
3.64000e+03 2.24633e-01
3.64500e+03 2.20243e-01
3.65000e+03 2.15854e-01
3.65500e+03 2.11798e-01
3.66000e+03 2.07748e-01
3.66500e+03 2.03487e-01
3.67000e+03 1.99226e-01
3.67500e+03 1.95282e-01
3.68000e+03 1.91350e-01
3.68500e+03 1.87265e-01
3.69000e+03 1.83194e-01
3.69500e+03 1.79466e-01
3.70000e+03 1.75753e-01
3.70500e+03 1.71883e-01
3.71000e+03 1.67997e-01
3.71500e+03 1.64268e-01
3.72000e+03 1.60533e-01
3.72500e+03 1.56696e-01
3.73000e+03 1.52852e-01
3.73500e+03 1.49168e-01
3.74000e+03 1.45482e-01
3.74500e+03 1.41712e-01
3.75000e+03 1.37936e-01
3.75500e+03 1.34305e-01
3.76000e+03 1.30663e-01
3.76500e+03 1.26892e-01
3.77000e+03 1.23109e-01
3.77500e+03 1.19472e-01
3.78000e+03 1.15836e-01
3.78500e+03 1.12133e-01
3.79000e+03 1.08423e-01
3.79500e+03 1.04816e-01
3.80000e+03 1.01203e-01
3.80500e+03 9.75270e-02
3.81000e+03 9.35207e-02
3.81500e+03 8.77049e-02
3.82000e+03 8.15532e-02
3.82500e+03 7.53667e-02
3.83000e+03 6.95822e-02
3.83500e+03 6.63389e-02
3.84000e+03 6.34786e-02
3.84500e+03 6.03901e-02
3.85000e+03 5.73162e-02
3.85500e+03 5.46271e-02
3.86000e+03 5.19597e-02
3.86500e+03 4.90898e-02
3.87000e+03 4.62386e-02
3.87500e+03 4.37611e-02
3.88000e+03 4.13102e-02
3.88500e+03 3.86927e-02
3.89000e+03 3.61055e-02
3.89500e+03 3.39176e-02
3.90000e+03 3.17720e-02
3.90500e+03 2.95172e-02
3.91000e+03 2.72949e-02
3.91500e+03 2.54185e-02
3.92000e+03 2.35858e-02
3.92500e+03 2.16991e-02
3.93000e+03 1.98531e-02
3.93500e+03 1.83392e-02
3.94000e+03 1.68750e-02
3.94500e+03 1.53985e-02
3.95000e+03 1.39598e-02
3.95500e+03 1.27890e-02
3.96000e+03 1.16614e-02
3.96500e+03 1.05448e-02
3.97000e+03 9.46441e-03
3.97500e+03 8.60655e-03
3.98000e+03 7.78745e-03
3.98500e+03 6.98818e-03
3.99000e+03 6.21748e-03
3.99500e+03 5.61314e-03
4.00000e+03 5.03717e-03
4.00500e+03 4.47575e-03
4.01000e+03 3.93802e-03
4.01500e+03 3.52319e-03
4.02000e+03 3.13339e-03
4.02500e+03 2.76780e-03
4.03000e+03 2.42028e-03
4.03500e+03 2.15416e-03
4.04000e+03 1.90533e-03
4.04500e+03 1.67606e-03
4.05000e+03 1.45914e-03
4.05500e+03 1.29498e-03
4.06000e+03 1.14216e-03
4.06500e+03 1.00314e-03
4.07000e+03 8.72108e-04
4.07500e+03 7.74400e-04
4.08000e+03 6.83684e-04
4.08500e+03 6.01015e-04
4.09000e+03 5.23056e-04
4.09500e+03 4.64544e-04
4.10000e+03 4.10330e-04
4.10500e+03 3.61865e-04
4.11000e+03 3.16129e-04
4.11500e+03 2.80699e-04
4.12000e+03 2.47609e-04
4.12500e+03 2.17954e-04
4.13000e+03 1.90262e-04
4.13500e+03 1.70543e-04
4.14000e+03 1.52392e-04
4.14500e+03 1.35390e-04
4.15000e+03 1.19178e-04
4.15500e+03 1.06380e-04
4.16000e+03 9.47504e-05
4.16500e+03 8.65321e-05
4.17000e+03 7.87075e-05
4.17500e+03 6.97586e-05
4.18000e+03 6.12031e-05
4.18500e+03 5.60479e-05
4.19000e+03 5.12826e-05
4.19500e+03 4.53932e-05
4.20000e+03 3.97118e-05
4.20500e+03 3.63375e-05
4.21000e+03 3.33503e-05
4.21500e+03 3.03555e-05
4.22000e+03 2.73533e-05
4.22500e+03 2.43431e-05
4.23000e+03 2.15167e-05
4.23500e+03 1.98263e-05
4.24000e+03 1.83231e-05
4.24500e+03 1.68159e-05
4.25000e+03 1.53052e-05
4.25500e+03 1.37908e-05
4.26000e+03 1.24661e-05
4.26500e+03 1.22871e-05
4.27000e+03 1.21064e-05
4.27500e+03 1.07758e-05
4.28000e+03 9.44319e-06
4.28500e+03 9.25764e-06
4.29000e+03 9.26809e-06
4.29500e+03 9.27853e-06
4.30000e+03 9.09165e-06
4.30500e+03 7.74931e-06
4.31000e+03 6.40051e-06
4.31500e+03 6.21320e-06
4.32000e+03 6.22005e-06
4.32500e+03 6.22689e-06
4.33000e+03 6.23373e-06
4.33500e+03 6.24057e-06
4.34000e+03 6.24739e-06
4.34500e+03 6.25413e-06
4.35000e+03 6.26084e-06
4.35500e+03 6.26749e-06
4.36000e+03 6.27413e-06
4.36500e+03 6.28083e-06
4.37000e+03 6.28754e-06
4.37500e+03 6.29416e-06
4.38000e+03 6.30078e-06
4.38500e+03 6.30739e-06
4.39000e+03 6.31399e-06
4.39500e+03 6.32051e-06
4.40000e+03 6.32703e-06
4.40500e+03 6.33361e-06
4.41000e+03 6.34020e-06
4.41500e+03 6.34670e-06
4.42000e+03 6.35320e-06
4.42500e+03 6.35970e-06
4.43000e+03 6.36618e-06
4.43500e+03 6.37258e-06
4.44000e+03 6.37898e-06
4.44500e+03 6.38545e-06
4.45000e+03 6.39191e-06
4.45500e+03 6.39830e-06
4.46000e+03 6.40468e-06
4.46500e+03 6.41106e-06
4.47000e+03 6.41743e-06
4.47500e+03 6.42380e-06
4.48000e+03 6.43017e-06
4.48500e+03 6.43654e-06
4.49000e+03 6.44291e-06
4.49500e+03 6.44927e-06
4.50000e+03 6.45895e-06
4.50500e+03 6.48797e-06
4.51000e+03 6.52031e-06
4.51500e+03 6.55259e-06
4.52000e+03 6.58487e-06
4.52500e+03 6.61722e-06
4.53000e+03 6.64959e-06
4.53500e+03 6.68189e-06
4.54000e+03 6.71419e-06
4.54500e+03 6.74649e-06
4.55000e+03 6.77881e-06
4.55500e+03 6.81121e-06
4.56000e+03 6.84362e-06
4.56500e+03 6.87597e-06
4.57000e+03 6.90830e-06
4.57500e+03 6.94065e-06
4.58000e+03 6.97300e-06
4.58500e+03 7.00535e-06
4.59000e+03 7.03772e-06
4.59500e+03 7.07009e-06
4.60000e+03 7.10246e-06
4.60500e+03 7.13485e-06
4.61000e+03 7.16724e-06
4.61500e+03 7.19964e-06
4.62000e+03 7.23204e-06
4.62500e+03 7.26435e-06
4.63000e+03 7.06328e-06
4.63500e+03 5.49611e-06
4.64000e+03 3.91112e-06
4.64500e+03 3.69698e-06
4.65000e+03 3.71321e-06
4.65500e+03 3.72943e-06
4.66000e+03 3.74565e-06
4.66500e+03 3.76184e-06
4.67000e+03 3.77803e-06
4.67500e+03 3.79426e-06
4.68000e+03 3.81050e-06
4.68500e+03 3.82675e-06
4.69000e+03 3.84299e-06
4.69500e+03 3.85919e-06
4.70000e+03 3.87540e-06
4.70500e+03 3.89165e-06
4.71000e+03 3.90791e-06
4.71500e+03 3.92412e-06
4.72000e+03 3.94034e-06
4.72500e+03 3.95661e-06
4.73000e+03 3.97288e-06
4.73500e+03 3.98911e-06
4.74000e+03 4.00534e-06
4.74500e+03 4.02162e-06
4.75000e+03 4.03790e-06
4.75500e+03 4.05414e-06
4.76000e+03 4.07038e-06
4.76500e+03 4.08667e-06
4.77000e+03 4.10297e-06
4.77500e+03 4.11928e-06
4.78000e+03 4.13558e-06
4.78500e+03 4.15184e-06
4.79000e+03 4.16811e-06
4.79500e+03 4.18442e-06
4.80000e+03 4.20074e-06
4.80500e+03 4.21707e-06
4.81000e+03 3.96413e-06
4.81500e+03 2.12420e-06
4.82000e+03 5.42722e-07
4.82500e+03 2.14195e-06
4.83000e+03 3.75058e-06
4.83500e+03 2.15687e-06
4.84000e+03 2.76400e-07
4.84500e+03 0.00000e+00
4.85000e+03 0.00000e+00
4.85500e+03 0.00000e+00
4.86000e+03 0.00000e+00
4.86500e+03 0.00000e+00
4.87000e+03 0.00000e+00
4.87500e+03 0.00000e+00
4.88000e+03 0.00000e+00
4.88500e+03 0.00000e+00
4.89000e+03 0.00000e+00
4.89500e+03 0.00000e+00
4.90000e+03 0.00000e+00
4.90500e+03 0.00000e+00
4.91000e+03 0.00000e+00
4.91500e+03 0.00000e+00
4.92000e+03 0.00000e+00
4.92500e+03 0.00000e+00
4.93000e+03 0.00000e+00
4.93500e+03 0.00000e+00
4.94000e+03 0.00000e+00
4.94500e+03 0.00000e+00
4.95000e+03 0.00000e+00
4.95500e+03 0.00000e+00
4.96000e+03 0.00000e+00
4.96500e+03 0.00000e+00
4.97000e+03 0.00000e+00
4.97500e+03 0.00000e+00
4.98000e+03 0.00000e+00
4.98500e+03 0.00000e+00
4.99000e+03 0.00000e+00
4.99500e+03 0.00000e+00
5.00000e+03 0.00000e+00
5.00500e+03 0.00000e+00
5.01000e+03 0.00000e+00
5.01500e+03 0.00000e+00
5.02000e+03 0.00000e+00
5.02500e+03 0.00000e+00
5.03000e+03 0.00000e+00
5.03500e+03 0.00000e+00
5.04000e+03 0.00000e+00
5.04500e+03 0.00000e+00
5.05000e+03 0.00000e+00
5.05500e+03 0.00000e+00
5.06000e+03 0.00000e+00
5.06500e+03 0.00000e+00
5.07000e+03 0.00000e+00
5.07500e+03 0.00000e+00
5.08000e+03 0.00000e+00
5.08500e+03 0.00000e+00
5.09000e+03 0.00000e+00
5.09500e+03 0.00000e+00
5.10000e+03 1.07165e-07
5.10500e+03 8.37744e-07
5.11000e+03 1.57302e-06
5.11500e+03 1.67664e-06
5.12000e+03 1.67197e-06
5.12500e+03 1.66723e-06
5.13000e+03 1.66239e-06
5.13500e+03 1.65746e-06
5.14000e+03 1.65245e-06
5.14500e+03 1.64737e-06
5.15000e+03 1.64222e-06
5.15500e+03 1.63699e-06
5.16000e+03 1.63167e-06
5.16500e+03 1.62627e-06
5.17000e+03 1.62079e-06
5.17500e+03 1.61523e-06
5.18000e+03 1.60958e-06
5.18500e+03 1.60383e-06
5.19000e+03 1.59801e-06
5.19500e+03 1.59211e-06
5.20000e+03 1.58739e-06
5.20500e+03 1.58997e-06
5.21000e+03 1.59380e-06
5.21500e+03 1.59763e-06
5.22000e+03 1.60144e-06
5.22500e+03 1.60523e-06
5.23000e+03 1.60901e-06
5.23500e+03 1.61277e-06
5.24000e+03 1.61652e-06
5.24500e+03 1.62026e-06
5.25000e+03 1.62399e-06
5.25500e+03 1.62773e-06
5.26000e+03 1.63145e-06
5.26500e+03 1.63512e-06
5.27000e+03 1.63878e-06
5.27500e+03 1.64245e-06
5.28000e+03 1.64610e-06
5.28500e+03 1.64975e-06
5.29000e+03 1.65338e-06
5.29500e+03 1.65698e-06
5.30000e+03 1.65952e-06
5.30500e+03 1.65588e-06
5.31000e+03 1.65112e-06
5.31500e+03 1.64633e-06
5.32000e+03 1.64146e-06
5.32500e+03 1.63648e-06
5.33000e+03 1.63144e-06
5.33500e+03 1.62635e-06
5.34000e+03 1.62120e-06
5.34500e+03 1.61597e-06
5.35000e+03 1.61068e-06
5.35500e+03 1.60531e-06
5.36000e+03 1.59986e-06
5.36500e+03 1.59435e-06
5.37000e+03 1.58877e-06
5.37500e+03 1.58311e-06
5.38000e+03 1.57738e-06
5.38500e+03 1.57160e-06
5.39000e+03 1.56575e-06
5.39500e+03 1.55982e-06
5.40000e+03 1.55407e-06
5.40500e+03 1.54973e-06
5.41000e+03 1.54560e-06
5.41500e+03 1.54141e-06
5.42000e+03 1.53716e-06
5.42500e+03 1.53285e-06
5.43000e+03 1.52847e-06
5.43500e+03 1.52404e-06
5.44000e+03 1.51955e-06
5.44500e+03 1.51501e-06
5.45000e+03 1.51041e-06
5.45500e+03 1.50575e-06
5.46000e+03 1.50102e-06
5.46500e+03 1.49624e-06
5.47000e+03 1.49141e-06
5.47500e+03 1.48650e-06
5.48000e+03 1.48154e-06
5.48500e+03 1.47652e-06
5.49000e+03 1.47145e-06
5.49500e+03 1.46633e-06
5.50000e+03 1.46118e-06
5.50500e+03 1.45616e-06
5.51000e+03 1.45113e-06
5.51500e+03 1.44604e-06
5.52000e+03 1.44091e-06
5.52500e+03 1.43573e-06
5.53000e+03 1.43050e-06
5.53500e+03 1.42520e-06
5.54000e+03 1.41985e-06
5.54500e+03 1.41444e-06
5.55000e+03 1.40898e-06
5.55500e+03 1.40348e-06
5.56000e+03 1.39793e-06
5.56500e+03 1.39232e-06
5.57000e+03 1.38666e-06
5.57500e+03 1.38096e-06
5.58000e+03 1.37520e-06
5.58500e+03 1.36938e-06
5.59000e+03 1.36351e-06
5.59500e+03 1.35759e-06
5.60000e+03 1.35144e-06
5.60500e+03 1.34420e-06
5.61000e+03 1.33675e-06
5.61500e+03 1.32928e-06
5.62000e+03 1.32178e-06
5.62500e+03 1.31424e-06
5.63000e+03 1.30666e-06
5.63500e+03 1.29906e-06
5.64000e+03 1.29142e-06
5.64500e+03 1.28377e-06
5.65000e+03 1.27608e-06
5.65500e+03 1.26837e-06
5.66000e+03 1.26063e-06
5.66500e+03 1.25286e-06
5.67000e+03 1.24506e-06
5.67500e+03 1.23723e-06
5.68000e+03 1.22936e-06
5.68500e+03 1.22147e-06
5.69000e+03 1.21355e-06
5.69500e+03 1.20560e-06
5.70000e+03 1.19763e-06
5.70500e+03 1.18963e-06
5.71000e+03 1.18160e-06
5.71500e+03 1.17354e-06
5.72000e+03 1.16546e-06
5.72500e+03 1.15735e-06
5.73000e+03 1.14922e-06
5.73500e+03 1.14106e-06
5.74000e+03 1.13287e-06
5.74500e+03 1.12464e-06
5.75000e+03 1.11638e-06
5.75500e+03 1.10811e-06
5.76000e+03 1.09982e-06
5.76500e+03 1.09150e-06
5.77000e+03 1.08315e-06
5.77500e+03 1.07476e-06
5.78000e+03 1.06635e-06
5.78500e+03 1.05792e-06
5.79000e+03 1.04946e-06
5.79500e+03 1.04097e-06
5.80000e+03 1.03346e-06
5.80500e+03 1.03185e-06
5.81000e+03 1.03123e-06
5.81500e+03 1.03060e-06
5.82000e+03 1.02996e-06
5.82500e+03 1.02933e-06
5.83000e+03 1.02869e-06
5.83500e+03 1.02804e-06
5.84000e+03 1.02738e-06
5.84500e+03 1.02672e-06
5.85000e+03 1.02606e-06
5.85500e+03 1.02538e-06
5.86000e+03 1.02469e-06
5.86500e+03 1.02401e-06
5.87000e+03 1.02332e-06
5.87500e+03 1.02263e-06
5.88000e+03 1.02193e-06
5.88500e+03 1.02123e-06
5.89000e+03 1.02051e-06
5.89500e+03 1.01980e-06
5.90000e+03 1.01925e-06
5.90500e+03 1.01972e-06
5.91000e+03 1.02037e-06
5.91500e+03 1.02102e-06
5.92000e+03 1.02167e-06
5.92500e+03 1.02231e-06
5.93000e+03 1.02294e-06
5.93500e+03 1.02358e-06
5.94000e+03 1.02422e-06
5.94500e+03 1.02486e-06
5.95000e+03 1.02550e-06
5.95500e+03 1.02613e-06
5.96000e+03 1.02676e-06
5.96500e+03 1.02740e-06
5.97000e+03 1.02804e-06
5.97500e+03 1.02866e-06
5.98000e+03 1.02928e-06
5.98500e+03 1.02991e-06
5.99000e+03 1.03054e-06
5.99500e+03 1.03116e-06
6.00000e+03 1.03127e-06
6.00500e+03 1.02831e-06
6.01000e+03 1.02484e-06
6.01500e+03 1.02137e-06
6.02000e+03 1.01791e-06
6.02500e+03 1.01444e-06
6.03000e+03 1.01098e-06
6.03500e+03 1.00751e-06
6.04000e+03 1.00403e-06
6.04500e+03 1.00056e-06
6.05000e+03 9.97082e-07
6.05500e+03 9.93615e-07
6.06000e+03 9.90146e-07
6.06500e+03 9.86660e-07
6.07000e+03 9.83173e-07
6.07500e+03 9.79697e-07
6.08000e+03 9.76222e-07
6.08500e+03 9.72743e-07
6.09000e+03 9.69263e-07
6.09500e+03 9.65781e-07
6.10000e+03 9.62549e-07
6.10500e+03 9.60770e-07
6.11000e+03 9.59240e-07
6.11500e+03 9.57706e-07
6.12000e+03 9.56170e-07
6.12500e+03 9.54637e-07
6.13000e+03 9.53102e-07
6.13500e+03 9.51563e-07
6.14000e+03 9.50024e-07
6.14500e+03 9.48498e-07
6.15000e+03 9.46971e-07
6.15500e+03 9.45428e-07
6.16000e+03 9.43882e-07
6.16500e+03 9.42338e-07
6.17000e+03 9.40793e-07
6.17500e+03 9.39244e-07
6.18000e+03 9.37693e-07
6.18500e+03 9.36144e-07
6.19000e+03 9.34594e-07
6.19500e+03 9.33040e-07
6.20000e+03 9.31727e-07
6.20500e+03 9.31824e-07
6.21000e+03 9.32161e-07
6.21500e+03 9.32484e-07
6.22000e+03 9.32807e-07
6.22500e+03 9.33143e-07
6.23000e+03 9.33478e-07
6.23500e+03 9.33799e-07
6.24000e+03 9.34119e-07
6.24500e+03 9.34452e-07
6.25000e+03 9.34786e-07
6.25500e+03 9.35105e-07
6.26000e+03 9.35421e-07
6.26500e+03 9.35727e-07
6.27000e+03 9.36034e-07
6.27500e+03 9.36347e-07
6.28000e+03 9.36660e-07
6.28500e+03 9.36965e-07
6.29000e+03 9.37269e-07
6.29500e+03 9.37568e-07
6.30000e+03 9.37640e-07
6.30500e+03 9.36399e-07
6.31000e+03 9.34929e-07
6.31500e+03 9.33444e-07
6.32000e+03 9.31958e-07
6.32500e+03 9.30472e-07
6.33000e+03 9.28987e-07
6.33500e+03 9.27497e-07
6.34000e+03 9.26005e-07
6.34500e+03 9.24504e-07
6.35000e+03 9.23001e-07
6.35500e+03 9.21495e-07
6.36000e+03 9.19986e-07
6.36500e+03 9.18468e-07
6.37000e+03 9.16949e-07
6.37500e+03 9.15426e-07
6.38000e+03 9.13903e-07
6.38500e+03 9.12381e-07
6.39000e+03 9.10858e-07
6.39500e+03 9.09320e-07
6.40000e+03 9.09665e-07
6.40500e+03 9.20968e-07
6.41000e+03 9.34158e-07
6.41500e+03 9.47346e-07
6.42000e+03 9.60532e-07
6.42500e+03 9.73707e-07
6.43000e+03 9.86880e-07
6.43500e+03 1.00005e-06
6.44000e+03 1.01322e-06
6.44500e+03 1.02639e-06
6.45000e+03 1.03955e-06
6.45500e+03 1.05270e-06
6.46000e+03 1.06586e-06
6.46500e+03 1.07898e-06
6.47000e+03 1.09211e-06
6.47500e+03 1.10523e-06
6.48000e+03 1.11835e-06
6.48500e+03 1.13147e-06
6.49000e+03 1.14458e-06
6.49500e+03 1.15767e-06
6.50000e+03 1.19876e-06
6.50500e+03 1.40623e-06
6.51000e+03 1.64111e-06
6.51500e+03 1.87535e-06
6.52000e+03 2.10897e-06
6.52500e+03 2.34191e-06
6.53000e+03 2.57422e-06
6.53500e+03 2.80587e-06
6.54000e+03 3.03686e-06
6.54500e+03 3.26723e-06
6.55000e+03 3.49694e-06
6.55500e+03 3.72597e-06
6.56000e+03 3.95434e-06
6.56500e+03 4.18209e-06
6.57000e+03 4.40917e-06
6.57500e+03 4.63549e-06
6.58000e+03 5.03004e-06
6.58500e+03 6.37854e-06
6.59000e+03 7.70037e-06
6.59500e+03 7.88087e-06
6.60000e+03 7.86963e-06
6.60500e+03 7.85831e-06
6.61000e+03 7.84697e-06
6.61500e+03 7.83555e-06
6.62000e+03 8.33231e-06
6.62500e+03 1.17188e-05
6.63000e+03 1.50994e-05
6.63500e+03 1.55800e-05
6.64000e+03 1.60560e-05
6.64500e+03 1.94170e-05
6.65000e+03 2.32667e-05
6.65500e+03 2.71038e-05
6.66000e+03 3.09296e-05
6.66500e+03 3.47441e-05
6.67000e+03 3.90489e-05
6.67500e+03 4.61870e-05
6.68000e+03 5.38043e-05
6.68500e+03 6.13982e-05
6.69000e+03 6.89692e-05
6.69500e+03 7.65160e-05
6.70000e+03 8.45377e-05
6.70500e+03 9.53542e-05
6.71000e+03 1.06634e-04
6.71500e+03 1.17879e-04
6.72000e+03 1.29089e-04
6.72500e+03 1.40266e-04
6.73000e+03 1.52389e-04
6.73500e+03 1.70069e-04
6.74000e+03 1.88182e-04
6.74500e+03 2.03454e-04
6.75000e+03 2.19150e-04
6.75500e+03 2.40384e-04
6.76000e+03 2.62038e-04
6.76500e+03 2.80826e-04
6.77000e+03 3.00052e-04
6.77500e+03 3.24743e-04
6.78000e+03 3.49837e-04
6.78500e+03 3.72103e-04
6.79000e+03 3.94771e-04
6.79500e+03 4.22865e-04
6.80000e+03 4.51363e-04
6.80500e+03 4.77003e-04
6.81000e+03 5.03037e-04
6.81500e+03 5.34479e-04
6.82000e+03 5.66281e-04
6.82500e+03 5.95262e-04
6.83000e+03 6.24632e-04
6.83500e+03 6.59316e-04
6.84000e+03 6.94368e-04
6.84500e+03 7.26609e-04
6.85000e+03 7.58743e-04
6.85500e+03 7.93466e-04
6.86000e+03 8.28081e-04
6.86500e+03 8.59878e-04
6.87000e+03 8.92019e-04
6.87500e+03 9.29470e-04
6.88000e+03 9.67263e-04
6.88500e+03 1.00223e-03
6.89000e+03 1.03709e-03
6.89500e+03 1.07451e-03
6.90000e+03 1.11089e-03
6.90500e+03 1.13914e-03
6.91000e+03 1.16731e-03
6.91500e+03 1.20334e-03
6.92000e+03 1.23971e-03
6.92500e+03 1.27069e-03
6.93000e+03 1.30111e-03
6.93500e+03 1.33407e-03
6.94000e+03 1.36646e-03
6.94500e+03 1.39349e-03
6.95000e+03 1.41997e-03
6.95500e+03 1.44896e-03
6.96000e+03 1.47787e-03
6.96500e+03 1.50409e-03
6.97000e+03 1.52931e-03
6.97500e+03 1.55186e-03
6.98000e+03 1.57342e-03
6.98500e+03 1.59232e-03
6.99000e+03 1.61115e-03
6.99500e+03 1.63250e-03
7.00000e+03 1.65362e-03
7.00500e+03 1.67106e-03
7.01000e+03 1.68737e-03
7.01500e+03 1.70098e-03
7.02000e+03 1.71408e-03
7.02500e+03 1.72712e-03
7.03000e+03 1.74054e-03
7.03500e+03 1.75644e-03
7.04000e+03 1.77179e-03
7.04500e+03 1.78202e-03
7.05000e+03 1.79130e-03
7.05500e+03 1.80054e-03
7.06000e+03 1.80973e-03
7.06500e+03 1.81886e-03
7.07000e+03 1.82793e-03
7.07500e+03 1.83695e-03
7.08000e+03 1.84548e-03
7.08500e+03 1.85147e-03
7.09000e+03 1.85700e-03
7.09500e+03 1.86252e-03
7.10000e+03 1.86799e-03
7.10500e+03 1.87343e-03
7.11000e+03 1.87796e-03
7.11500e+03 1.87760e-03
7.12000e+03 1.87723e-03
7.12500e+03 1.88169e-03
7.13000e+03 1.88573e-03
7.13500e+03 1.88245e-03
7.14000e+03 1.87878e-03
7.14500e+03 1.87990e-03
7.15000e+03 1.88099e-03
7.15500e+03 1.87733e-03
7.16000e+03 1.87283e-03
7.16500e+03 1.86833e-03
7.17000e+03 1.86345e-03
7.17500e+03 1.85621e-03
7.18000e+03 1.84900e-03
7.18500e+03 1.84414e-03
7.19000e+03 1.83928e-03
7.19500e+03 1.83213e-03
7.20000e+03 1.82459e-03
7.20500e+03 1.81706e-03
7.21000e+03 1.80956e-03
7.21500e+03 1.80209e-03
7.22000e+03 1.79423e-03
7.22500e+03 1.78411e-03
7.23000e+03 1.77402e-03
7.23500e+03 1.76626e-03
7.24000e+03 1.75851e-03
7.24500e+03 1.74852e-03
7.25000e+03 1.73817e-03
7.25500e+03 1.72785e-03
7.26000e+03 1.71718e-03
7.26500e+03 1.70427e-03
7.27000e+03 1.69102e-03
7.27500e+03 1.67785e-03
7.28000e+03 1.66511e-03
7.28500e+03 1.65466e-03
7.29000e+03 1.64463e-03
7.29500e+03 1.63466e-03
7.30000e+03 1.62394e-03
7.30500e+03 1.60882e-03
7.31000e+03 1.59376e-03
7.31500e+03 1.58321e-03
7.32000e+03 1.57386e-03
7.32500e+03 1.56672e-03
7.33000e+03 1.55885e-03
7.33500e+03 1.54442e-03
7.34000e+03 1.52931e-03
7.34500e+03 1.51642e-03
7.35000e+03 1.50435e-03
7.35500e+03 1.49451e-03
7.36000e+03 1.48393e-03
7.36500e+03 1.46695e-03
7.37000e+03 1.45002e-03
7.37500e+03 1.43961e-03
7.38000e+03 1.42960e-03
7.38500e+03 1.41538e-03
7.39000e+03 1.40121e-03
7.39500e+03 1.39136e-03
7.40000e+03 1.38192e-03
7.40500e+03 1.37042e-03
7.41000e+03 1.35896e-03
7.41500e+03 1.34963e-03
7.42000e+03 1.33998e-03
7.42500e+03 1.32617e-03
7.43000e+03 1.31207e-03
7.43500e+03 1.30011e-03
7.44000e+03 1.28858e-03
7.44500e+03 1.27707e-03
7.45000e+03 1.26598e-03
7.45500e+03 1.25701e-03
7.46000e+03 1.24807e-03
7.46500e+03 1.23711e-03
7.47000e+03 1.22584e-03
7.47500e+03 1.21461e-03
7.48000e+03 1.20342e-03
7.48500e+03 1.19228e-03
7.49000e+03 1.18119e-03
7.49500e+03 1.17016e-03
7.50000e+03 1.15917e-03
7.50500e+03 1.14822e-03
7.51000e+03 1.13732e-03
7.51500e+03 1.12647e-03
7.52000e+03 1.11601e-03
7.52500e+03 1.10758e-03
7.53000e+03 1.09920e-03
7.53500e+03 1.08884e-03
7.54000e+03 1.07889e-03
7.54500e+03 1.07292e-03
7.55000e+03 1.06662e-03
7.55500e+03 1.05446e-03
7.56000e+03 1.04163e-03
7.56500e+03 1.03083e-03
7.57000e+03 1.02041e-03
7.57500e+03 1.01003e-03
7.58000e+03 1.00074e-03
7.58500e+03 9.97272e-04
7.59000e+03 9.93821e-04
7.59500e+03 9.84608e-04
7.60000e+03 9.74734e-04
7.60500e+03 9.66831e-04
7.61000e+03 9.58962e-04
7.61500e+03 9.49195e-04
7.62000e+03 9.39477e-04
7.62500e+03 9.31697e-04
7.63000e+03 9.23945e-04
7.63500e+03 9.14339e-04
7.64000e+03 9.05106e-04
7.64500e+03 8.99667e-04
7.65000e+03 8.94260e-04
7.65500e+03 8.85109e-04
7.66000e+03 8.75974e-04
7.66500e+03 8.70661e-04
7.67000e+03 8.65348e-04
7.67500e+03 8.56328e-04
7.68000e+03 8.47353e-04
7.68500e+03 8.42102e-04
7.69000e+03 8.37195e-04
7.69500e+03 8.30476e-04
7.70000e+03 8.23456e-04
7.70500e+03 8.16462e-04
7.71000e+03 8.09496e-04
7.71500e+03 8.02558e-04
7.72000e+03 7.95969e-04
7.72500e+03 7.91214e-04
7.73000e+03 7.86480e-04
7.73500e+03 7.79955e-04
7.74000e+03 7.73140e-04
7.74500e+03 7.66355e-04
7.75000e+03 7.59900e-04
7.75500e+03 7.55277e-04
7.76000e+03 7.50669e-04
7.76500e+03 7.44284e-04
7.77000e+03 7.37926e-04
7.77500e+03 7.33373e-04
7.78000e+03 7.29141e-04
7.78500e+03 7.24925e-04
7.79000e+03 7.20111e-04
7.79500e+03 7.11806e-04
7.80000e+03 7.03536e-04
7.80500e+03 6.98793e-04
7.81000e+03 6.94674e-04
7.81500e+03 6.90568e-04
7.82000e+03 6.86176e-04
7.82500e+03 6.80075e-04
7.83000e+03 6.74296e-04
7.83500e+03 6.71979e-04
7.84000e+03 6.69672e-04
7.84500e+03 6.63944e-04
7.85000e+03 6.57941e-04
7.85500e+03 6.53672e-04
7.86000e+03 6.49710e-04
7.86500e+03 6.45763e-04
7.87000e+03 6.41830e-04
7.87500e+03 6.37912e-04
7.88000e+03 6.34008e-04
7.88500e+03 6.30119e-04
7.89000e+03 6.26244e-04
7.89500e+03 6.22384e-04
7.90000e+03 6.18244e-04
7.90500e+03 6.12471e-04
7.91000e+03 6.06724e-04
7.91500e+03 6.02637e-04
7.92000e+03 5.99154e-04
7.92500e+03 5.97307e-04
7.93000e+03 5.95465e-04
7.93500e+03 5.92012e-04
7.94000e+03 5.88279e-04
7.94500e+03 5.84561e-04
7.95000e+03 5.80857e-04
7.95500e+03 5.77167e-04
7.96000e+03 5.73764e-04
7.96500e+03 5.71995e-04
7.97000e+03 5.70225e-04
7.97500e+03 5.66858e-04
7.98000e+03 5.63226e-04
7.98500e+03 5.59609e-04
7.99000e+03 5.53416e-04
7.99500e+03 5.33002e-04
8.00000e+03 5.12800e-04
8.00500e+03 5.07626e-04
8.01000e+03 5.05157e-04
8.01500e+03 5.02694e-04
8.02000e+03 5.00239e-04
8.02500e+03 4.97792e-04
8.03000e+03 4.95354e-04
8.03500e+03 4.92922e-04
8.04000e+03 4.90499e-04
8.04500e+03 4.88082e-04
8.05000e+03 4.85672e-04
8.05500e+03 4.83269e-04
8.06000e+03 4.80873e-04
8.06500e+03 4.78485e-04
8.07000e+03 4.76106e-04
8.07500e+03 4.73733e-04
8.08000e+03 4.71368e-04
8.08500e+03 4.69010e-04
8.09000e+03 4.66659e-04
8.09500e+03 4.64316e-04
8.10000e+03 4.62055e-04
8.10500e+03 4.60244e-04
8.11000e+03 4.58512e-04
8.11500e+03 4.56783e-04
8.12000e+03 4.55058e-04
8.12500e+03 4.53333e-04
8.13000e+03 4.51611e-04
8.13500e+03 4.49893e-04
8.14000e+03 4.48178e-04
8.14500e+03 4.46466e-04
8.15000e+03 4.44756e-04
8.15500e+03 4.43047e-04
8.16000e+03 4.41341e-04
8.16500e+03 4.39639e-04
8.17000e+03 4.37940e-04
8.17500e+03 4.36242e-04
8.18000e+03 4.34546e-04
8.18500e+03 4.32855e-04
8.19000e+03 4.31166e-04
8.19500e+03 4.29480e-04
8.20000e+03 4.27825e-04
8.20500e+03 4.26330e-04
8.21000e+03 4.24865e-04
8.21500e+03 4.23402e-04
8.22000e+03 4.21940e-04
8.22500e+03 4.20477e-04
8.23000e+03 4.19015e-04
8.23500e+03 4.17556e-04
8.24000e+03 4.16098e-04
8.24500e+03 4.14639e-04
8.25000e+03 4.13181e-04
8.25500e+03 4.11725e-04
8.26000e+03 4.10270e-04
8.26500e+03 4.08815e-04
8.27000e+03 4.07361e-04
8.27500e+03 4.05909e-04
8.28000e+03 4.04458e-04
8.28500e+03 4.03006e-04
8.29000e+03 4.01556e-04
8.29500e+03 4.00108e-04
8.30000e+03 3.98660e-04
8.30500e+03 3.97213e-04
8.31000e+03 3.95767e-04
8.31500e+03 3.94322e-04
8.32000e+03 3.92879e-04
8.32500e+03 3.91436e-04
8.33000e+03 3.89993e-04
8.33500e+03 3.88553e-04
8.34000e+03 3.87114e-04
8.34500e+03 3.85674e-04
8.35000e+03 3.84362e-04
8.35500e+03 3.83775e-04
8.36000e+03 3.83312e-04
8.36500e+03 3.82843e-04
8.37000e+03 3.82370e-04
8.37500e+03 3.81895e-04
8.38000e+03 3.81416e-04
8.38500e+03 3.80932e-04
8.39000e+03 3.80444e-04
8.39500e+03 3.79954e-04
8.40000e+03 3.79444e-04
8.40500e+03 3.78841e-04
8.41000e+03 3.78218e-04
8.41500e+03 3.77594e-04
8.42000e+03 3.76966e-04
8.42500e+03 3.76333e-04
8.43000e+03 3.75697e-04
8.43500e+03 3.75057e-04
8.44000e+03 3.74414e-04
8.44500e+03 3.73768e-04
8.45000e+03 3.73118e-04
8.45500e+03 3.72466e-04
8.46000e+03 3.71811e-04
8.46500e+03 3.71151e-04
8.47000e+03 3.70487e-04
8.47500e+03 3.69820e-04
8.48000e+03 3.69150e-04
8.48500e+03 3.68477e-04
8.49000e+03 3.67801e-04
8.49500e+03 3.67120e-04
8.50000e+03 3.66408e-04
8.50500e+03 3.65532e-04
8.51000e+03 3.64625e-04
8.51500e+03 3.63718e-04
8.52000e+03 3.62807e-04
8.52500e+03 3.61892e-04
8.53000e+03 3.60975e-04
8.53500e+03 3.60056e-04
8.54000e+03 3.59134e-04
8.54500e+03 3.58208e-04
8.55000e+03 3.57279e-04
8.55500e+03 3.56348e-04
8.56000e+03 3.55414e-04
8.56500e+03 3.54478e-04
8.57000e+03 3.53539e-04
8.57500e+03 3.52597e-04
8.58000e+03 3.51651e-04
8.58500e+03 3.50704e-04
8.59000e+03 3.49754e-04
8.59500e+03 3.48801e-04
8.60000e+03 3.47871e-04
8.60500e+03 3.47093e-04
8.61000e+03 3.46337e-04
8.61500e+03 3.45579e-04
8.62000e+03 3.44817e-04
8.62500e+03 3.44050e-04
8.63000e+03 3.43279e-04
8.63500e+03 3.42505e-04
8.64000e+03 3.41728e-04
8.64500e+03 3.40945e-04
8.65000e+03 3.40154e-04
8.65500e+03 3.39336e-04
8.66000e+03 3.38511e-04
8.66500e+03 3.37682e-04
8.67000e+03 3.36850e-04
8.67500e+03 3.36014e-04
8.68000e+03 3.35173e-04
8.68500e+03 3.34330e-04
8.69000e+03 3.33483e-04
8.69500e+03 3.32631e-04
8.70000e+03 3.31748e-04
8.70500e+03 3.30717e-04
8.71000e+03 3.29657e-04
8.71500e+03 3.28596e-04
8.72000e+03 3.27531e-04
8.72500e+03 3.26463e-04
8.73000e+03 3.25393e-04
8.73500e+03 3.24321e-04
8.74000e+03 3.23246e-04
8.74500e+03 3.22169e-04
8.75000e+03 3.21089e-04
8.75500e+03 3.20005e-04
8.76000e+03 3.18919e-04
8.76500e+03 3.17831e-04
8.77000e+03 3.16741e-04
8.77500e+03 3.15647e-04
8.78000e+03 3.14550e-04
8.78500e+03 3.13452e-04
8.79000e+03 3.12351e-04
8.79500e+03 3.11246e-04
8.80000e+03 3.10165e-04
8.80500e+03 3.09227e-04
8.81000e+03 3.08312e-04
8.81500e+03 3.07393e-04
8.82000e+03 3.06470e-04
8.82500e+03 3.05542e-04
8.83000e+03 3.04611e-04
8.83500e+03 3.03676e-04
8.84000e+03 3.02737e-04
8.84500e+03 3.01794e-04
8.85000e+03 3.00847e-04
8.85500e+03 2.99897e-04
8.86000e+03 2.98942e-04
8.86500e+03 2.97983e-04
8.87000e+03 2.97020e-04
8.87500e+03 2.96053e-04
8.88000e+03 2.95081e-04
8.88500e+03 2.94106e-04
8.89000e+03 2.93126e-04
8.89500e+03 2.92142e-04
8.90000e+03 2.91119e-04
8.90500e+03 2.89900e-04
8.91000e+03 2.88644e-04
8.91500e+03 2.87385e-04
8.92000e+03 2.86125e-04
8.92500e+03 2.84862e-04
8.93000e+03 2.83597e-04
8.93500e+03 2.82331e-04
8.94000e+03 2.81062e-04
8.94500e+03 2.79792e-04
8.95000e+03 2.78517e-04
8.95500e+03 2.77220e-04
8.96000e+03 2.75919e-04
8.96500e+03 2.74615e-04
8.97000e+03 2.73310e-04
8.97500e+03 2.72003e-04
8.98000e+03 2.70695e-04
8.98500e+03 2.69384e-04
8.99000e+03 2.68072e-04
8.99500e+03 2.66758e-04
9.00000e+03 2.65492e-04
9.00500e+03 2.64506e-04
9.01000e+03 2.63567e-04
9.01500e+03 2.62625e-04
9.02000e+03 2.61679e-04
9.02500e+03 2.60729e-04
9.03000e+03 2.59774e-04
9.03500e+03 2.58817e-04
9.04000e+03 2.57855e-04
9.04500e+03 2.56889e-04
9.05000e+03 2.55919e-04
9.05500e+03 2.54945e-04
9.06000e+03 2.53967e-04
9.06500e+03 2.52986e-04
9.07000e+03 2.52001e-04
9.07500e+03 2.51012e-04
9.08000e+03 2.50018e-04
9.08500e+03 2.49022e-04
9.09000e+03 2.48021e-04
9.09500e+03 2.47016e-04
9.10000e+03 2.45976e-04
9.10500e+03 2.44769e-04
9.11000e+03 2.43529e-04
9.11500e+03 2.42287e-04
9.12000e+03 2.41043e-04
9.12500e+03 2.39798e-04
9.13000e+03 2.38550e-04
9.13500e+03 2.37301e-04
9.14000e+03 2.36050e-04
9.14500e+03 2.34798e-04
9.15000e+03 2.33544e-04
9.15500e+03 2.32287e-04
9.16000e+03 2.31028e-04
9.16500e+03 2.29768e-04
9.17000e+03 2.28505e-04
9.17500e+03 2.27241e-04
9.18000e+03 2.25975e-04
9.18500e+03 2.24707e-04
9.19000e+03 2.23437e-04
9.19500e+03 2.22166e-04
9.20000e+03 2.20922e-04
9.20500e+03 2.19834e-04
9.21000e+03 2.18772e-04
9.21500e+03 2.17706e-04
9.22000e+03 2.16636e-04
9.22500e+03 2.15562e-04
9.23000e+03 2.14483e-04
9.23500e+03 2.13400e-04
9.24000e+03 2.12312e-04
9.24500e+03 2.11220e-04
9.25000e+03 2.10121e-04
9.25500e+03 2.09007e-04
9.26000e+03 2.07886e-04
9.26500e+03 2.06762e-04
9.27000e+03 2.05633e-04
9.27500e+03 2.04500e-04
9.28000e+03 2.03363e-04
9.28500e+03 2.02222e-04
9.29000e+03 2.01077e-04
9.29500e+03 1.99928e-04
9.30000e+03 1.98765e-04
9.30500e+03 1.97548e-04
9.31000e+03 1.96318e-04
9.31500e+03 1.95085e-04
9.32000e+03 1.93849e-04
9.32500e+03 1.92609e-04
9.33000e+03 1.91366e-04
9.33500e+03 1.90120e-04
9.34000e+03 1.89183e-04
9.34500e+03 0.00000e+00
9.35000e+03 0.00000e+00
