# musyc-R_1030_tot
# photon
# from FILTER.RES.DR34.latest
5.49500e+03 0.00000e+00
5.51500e+03 0.00000e+00
5.53500e+03 8.31409e-03
5.55500e+03 1.53898e-02
5.57500e+03 3.35439e-02
5.59500e+03 6.74238e-02
5.61500e+03 1.23219e-01
5.63500e+03 2.03179e-01
5.65500e+03 3.01937e-01
5.67500e+03 4.10989e-01
5.69500e+03 5.19608e-01
5.71500e+03 6.18028e-01
5.73500e+03 7.01927e-01
5.75500e+03 7.71404e-01
5.77500e+03 8.26818e-01
5.79500e+03 8.70602e-01
5.81500e+03 9.04796e-01
5.83500e+03 9.32155e-01
5.85500e+03 9.52944e-01
5.87500e+03 9.67752e-01
5.89500e+03 9.78432e-01
5.91500e+03 9.86023e-01
5.93500e+03 9.92083e-01
5.95500e+03 9.95689e-01
5.97500e+03 9.98351e-01
5.99500e+03 1.00000e+00
6.01500e+03 9.95841e-01
6.03500e+03 9.91204e-01
6.05500e+03 9.87887e-01
6.07500e+03 9.83656e-01
6.09500e+03 9.78924e-01
6.11500e+03 9.73977e-01
6.13500e+03 9.67815e-01
6.15500e+03 9.62197e-01
6.17500e+03 9.56523e-01
6.19500e+03 9.50734e-01
6.21500e+03 9.45492e-01
6.23500e+03 9.39631e-01
6.25500e+03 9.34017e-01
6.27500e+03 9.26469e-01
6.29500e+03 9.19109e-01
6.31500e+03 9.10933e-01
6.33500e+03 9.02869e-01
6.35500e+03 8.94514e-01
6.37500e+03 8.86677e-01
6.39500e+03 8.79297e-01
6.41500e+03 8.71081e-01
6.43500e+03 8.63271e-01
6.45500e+03 8.55117e-01
6.47500e+03 8.46287e-01
6.49500e+03 8.36583e-01
6.51500e+03 8.26998e-01
6.53500e+03 8.18302e-01
6.55500e+03 8.08629e-01
6.57500e+03 7.98912e-01
6.59500e+03 7.89111e-01
6.61500e+03 7.79241e-01
6.63500e+03 7.69443e-01
6.65500e+03 7.59928e-01
6.67500e+03 7.49533e-01
6.69500e+03 7.39119e-01
6.71500e+03 7.29179e-01
6.73500e+03 7.18644e-01
6.75500e+03 7.08301e-01
6.77500e+03 6.97120e-01
6.79500e+03 6.85661e-01
6.81500e+03 6.74576e-01
6.83500e+03 6.62183e-01
6.85500e+03 6.49573e-01
6.87500e+03 6.37807e-01
6.89500e+03 6.26105e-01
6.91500e+03 6.14844e-01
6.93500e+03 6.02646e-01
6.95500e+03 5.90888e-01
6.97500e+03 5.78801e-01
6.99500e+03 5.66419e-01
7.01500e+03 5.54498e-01
7.03500e+03 5.42545e-01
7.05500e+03 5.30827e-01
7.07500e+03 5.19046e-01
7.09500e+03 5.07887e-01
7.11500e+03 4.96666e-01
7.13500e+03 4.85229e-01
7.15500e+03 4.74653e-01
7.17500e+03 4.62958e-01
7.19500e+03 4.51960e-01
7.21500e+03 4.41220e-01
7.23500e+03 4.30361e-01
7.25500e+03 4.20308e-01
7.27500e+03 4.09189e-01
7.29500e+03 3.98875e-01
7.31500e+03 3.88649e-01
7.33500e+03 3.78749e-01
7.35500e+03 3.68732e-01
7.37500e+03 3.58279e-01
7.39500e+03 3.48328e-01
7.41500e+03 3.38613e-01
7.43500e+03 3.29454e-01
7.45500e+03 3.20282e-01
7.47500e+03 3.10913e-01
7.49500e+03 3.02028e-01
7.51500e+03 2.93250e-01
7.53500e+03 2.84628e-01
7.55500e+03 2.75787e-01
7.57500e+03 2.67844e-01
7.59500e+03 2.59427e-01
7.61500e+03 2.51365e-01
7.63500e+03 2.43472e-01
7.65500e+03 2.35220e-01
7.67500e+03 2.27807e-01
7.69500e+03 2.19894e-01
7.71500e+03 2.12729e-01
7.73500e+03 2.05422e-01
7.75500e+03 1.99045e-01
7.77500e+03 1.91089e-01
7.79500e+03 1.83852e-01
7.81500e+03 1.76980e-01
7.83500e+03 1.70553e-01
7.85500e+03 1.64231e-01
7.87500e+03 1.58686e-01
7.89500e+03 1.53022e-01
7.91500e+03 1.47701e-01
7.93500e+03 1.42178e-01
7.95500e+03 1.37007e-01
7.97500e+03 1.31626e-01
7.99500e+03 1.26919e-01
8.01500e+03 1.21462e-01
8.03500e+03 1.15669e-01
8.05500e+03 1.10891e-01
8.07500e+03 1.05868e-01
8.09500e+03 1.01202e-01
8.11500e+03 9.65865e-02
8.13500e+03 9.19199e-02
8.15500e+03 8.77512e-02
8.17500e+03 8.40932e-02
8.19500e+03 7.98237e-02
8.21500e+03 7.59089e-02
8.23500e+03 7.24977e-02
8.25500e+03 6.93105e-02
8.27500e+03 6.59299e-02
8.29500e+03 6.28695e-02
8.31500e+03 5.94482e-02
8.33500e+03 5.70593e-02
8.35500e+03 5.41274e-02
8.37500e+03 5.14632e-02
8.39500e+03 4.90791e-02
8.41500e+03 4.61751e-02
8.43500e+03 4.37702e-02
8.45500e+03 4.15862e-02
8.47500e+03 3.92716e-02
8.49500e+03 3.76422e-02
8.51500e+03 3.55885e-02
8.53500e+03 3.46343e-02
8.55500e+03 3.26454e-02
8.57500e+03 3.02707e-02
8.59500e+03 2.80482e-02
8.61500e+03 2.69728e-02
8.63500e+03 2.58961e-02
8.65500e+03 2.50782e-02
8.67500e+03 2.33378e-02
8.69500e+03 2.18793e-02
8.71500e+03 2.04046e-02
8.73500e+03 1.96898e-02
8.75500e+03 1.84348e-02
8.77500e+03 1.77658e-02
8.79500e+03 1.69177e-02
8.81500e+03 1.61994e-02
8.83500e+03 1.49821e-02
8.85500e+03 1.40299e-02
8.87500e+03 1.29114e-02
8.89500e+03 1.22557e-02
8.91500e+03 1.14826e-02
8.93500e+03 1.11160e-02
8.95500e+03 1.04938e-02
8.97500e+03 9.65588e-03
8.99500e+03 9.49085e-03
9.01500e+03 8.90279e-03
9.03500e+03 8.07496e-03
9.05500e+03 7.65241e-03
9.07500e+03 6.99614e-03
9.09500e+03 7.06014e-03
9.11500e+03 6.70844e-03
9.13500e+03 6.09452e-03
9.15500e+03 5.92431e-03
9.17500e+03 5.47504e-03
9.19500e+03 4.94525e-03
9.21500e+03 4.93467e-03
9.23500e+03 4.47323e-03
9.25500e+03 4.18196e-03
9.27500e+03 3.98721e-03
9.29500e+03 3.98040e-03
9.31500e+03 4.03317e-03
9.33500e+03 3.74171e-03
9.35500e+03 3.78941e-03
9.37500e+03 3.13929e-03
9.39500e+03 1.93956e-03
9.41500e+03 1.16488e-03
9.43500e+03 2.30063e-03
9.45500e+03 1.82422e-03
9.47500e+03 2.14731e-03
9.49500e+03 2.29029e-03
9.51500e+03 1.93130e-03
9.53500e+03 1.62832e-03
9.55500e+03 2.06404e-03
9.57500e+03 1.19770e-03
9.59500e+03 1.61240e-03
9.61500e+03 1.58818e-03
9.63500e+03 1.58034e-03
9.65500e+03 0.00000e+00
9.67500e+03 0.00000e+00
