# tophat_350_1900
# photon
# from FILTER.RES.DR34.latest
1.72400e+03 0.00000e+00
1.72600e+03 1.00000e+00
1.72800e+03 1.00000e+00
1.73000e+03 1.00000e+00
1.73200e+03 1.00000e+00
1.73400e+03 1.00000e+00
1.73600e+03 1.00000e+00
1.73800e+03 1.00000e+00
1.74000e+03 1.00000e+00
1.74200e+03 1.00000e+00
1.74400e+03 1.00000e+00
1.74600e+03 1.00000e+00
1.74800e+03 1.00000e+00
1.75000e+03 1.00000e+00
1.75200e+03 1.00000e+00
1.75400e+03 1.00000e+00
1.75600e+03 1.00000e+00
1.75800e+03 1.00000e+00
1.76000e+03 1.00000e+00
1.76200e+03 1.00000e+00
1.76400e+03 1.00000e+00
1.76600e+03 1.00000e+00
1.76800e+03 1.00000e+00
1.77000e+03 1.00000e+00
1.77200e+03 1.00000e+00
1.77400e+03 1.00000e+00
1.77600e+03 1.00000e+00
1.77800e+03 1.00000e+00
1.78000e+03 1.00000e+00
1.78200e+03 1.00000e+00
1.78400e+03 1.00000e+00
1.78600e+03 1.00000e+00
1.78800e+03 1.00000e+00
1.79000e+03 1.00000e+00
1.79200e+03 1.00000e+00
1.79400e+03 1.00000e+00
1.79600e+03 1.00000e+00
1.79800e+03 1.00000e+00
1.80000e+03 1.00000e+00
1.80200e+03 1.00000e+00
1.80400e+03 1.00000e+00
1.80600e+03 1.00000e+00
1.80800e+03 1.00000e+00
1.81000e+03 1.00000e+00
1.81200e+03 1.00000e+00
1.81400e+03 1.00000e+00
1.81600e+03 1.00000e+00
1.81800e+03 1.00000e+00
1.82000e+03 1.00000e+00
1.82200e+03 1.00000e+00
1.82400e+03 1.00000e+00
1.82600e+03 1.00000e+00
1.82800e+03 1.00000e+00
1.83000e+03 1.00000e+00
1.83200e+03 1.00000e+00
1.83400e+03 1.00000e+00
1.83600e+03 1.00000e+00
1.83800e+03 1.00000e+00
1.84000e+03 1.00000e+00
1.84200e+03 1.00000e+00
1.84400e+03 1.00000e+00
1.84600e+03 1.00000e+00
1.84800e+03 1.00000e+00
1.85000e+03 1.00000e+00
1.85200e+03 1.00000e+00
1.85400e+03 1.00000e+00
1.85600e+03 1.00000e+00
1.85800e+03 1.00000e+00
1.86000e+03 1.00000e+00
1.86200e+03 1.00000e+00
1.86400e+03 1.00000e+00
1.86600e+03 1.00000e+00
1.86800e+03 1.00000e+00
1.87000e+03 1.00000e+00
1.87200e+03 1.00000e+00
1.87400e+03 1.00000e+00
1.87600e+03 1.00000e+00
1.87800e+03 1.00000e+00
1.88000e+03 1.00000e+00
1.88200e+03 1.00000e+00
1.88400e+03 1.00000e+00
1.88600e+03 1.00000e+00
1.88800e+03 1.00000e+00
1.89000e+03 1.00000e+00
1.89200e+03 1.00000e+00
1.89400e+03 1.00000e+00
1.89600e+03 1.00000e+00
1.89800e+03 1.00000e+00
1.90000e+03 1.00000e+00
1.90200e+03 1.00000e+00
1.90400e+03 1.00000e+00
1.90600e+03 1.00000e+00
1.90800e+03 1.00000e+00
1.91000e+03 1.00000e+00
1.91200e+03 1.00000e+00
1.91400e+03 1.00000e+00
1.91600e+03 1.00000e+00
1.91800e+03 1.00000e+00
1.92000e+03 1.00000e+00
1.92200e+03 1.00000e+00
1.92400e+03 1.00000e+00
1.92600e+03 1.00000e+00
1.92800e+03 1.00000e+00
1.93000e+03 1.00000e+00
1.93200e+03 1.00000e+00
1.93400e+03 1.00000e+00
1.93600e+03 1.00000e+00
1.93800e+03 1.00000e+00
1.94000e+03 1.00000e+00
1.94200e+03 1.00000e+00
1.94400e+03 1.00000e+00
1.94600e+03 1.00000e+00
1.94800e+03 1.00000e+00
1.95000e+03 1.00000e+00
1.95200e+03 1.00000e+00
1.95400e+03 1.00000e+00
1.95600e+03 1.00000e+00
1.95800e+03 1.00000e+00
1.96000e+03 1.00000e+00
1.96200e+03 1.00000e+00
1.96400e+03 1.00000e+00
1.96600e+03 1.00000e+00
1.96800e+03 1.00000e+00
1.97000e+03 1.00000e+00
1.97200e+03 1.00000e+00
1.97400e+03 1.00000e+00
1.97600e+03 1.00000e+00
1.97800e+03 1.00000e+00
1.98000e+03 1.00000e+00
1.98200e+03 1.00000e+00
1.98400e+03 1.00000e+00
1.98600e+03 1.00000e+00
1.98800e+03 1.00000e+00
1.99000e+03 1.00000e+00
1.99200e+03 1.00000e+00
1.99400e+03 1.00000e+00
1.99600e+03 1.00000e+00
1.99800e+03 1.00000e+00
2.00000e+03 1.00000e+00
2.00200e+03 1.00000e+00
2.00400e+03 1.00000e+00
2.00600e+03 1.00000e+00
2.00800e+03 1.00000e+00
2.01000e+03 1.00000e+00
2.01200e+03 1.00000e+00
2.01400e+03 1.00000e+00
2.01600e+03 1.00000e+00
2.01800e+03 1.00000e+00
2.02000e+03 1.00000e+00
2.02200e+03 1.00000e+00
2.02400e+03 1.00000e+00
2.02600e+03 1.00000e+00
2.02800e+03 1.00000e+00
2.03000e+03 1.00000e+00
2.03200e+03 1.00000e+00
2.03400e+03 1.00000e+00
2.03600e+03 1.00000e+00
2.03800e+03 1.00000e+00
2.04000e+03 1.00000e+00
2.04200e+03 1.00000e+00
2.04400e+03 1.00000e+00
2.04600e+03 1.00000e+00
2.04800e+03 1.00000e+00
2.05000e+03 1.00000e+00
2.05200e+03 1.00000e+00
2.05400e+03 1.00000e+00
2.05600e+03 1.00000e+00
2.05800e+03 1.00000e+00
2.06000e+03 1.00000e+00
2.06200e+03 1.00000e+00
2.06400e+03 1.00000e+00
2.06600e+03 1.00000e+00
2.06800e+03 1.00000e+00
2.07000e+03 1.00000e+00
2.07200e+03 1.00000e+00
2.07400e+03 1.00000e+00
2.07600e+03 0.00000e+00
