# VLT-VST.OCam.sdss.r
# photon
# from FILTER.RES.DR34.latest
4.68435e+03 0.00000e+00
4.69693e+03 0.00000e+00
4.70951e+03 3.22506e-03
4.72209e+03 4.29987e-03
4.73467e+03 4.29961e-03
4.74725e+03 4.29936e-03
4.75983e+03 4.29910e-03
4.77241e+03 4.29884e-03
4.78499e+03 4.29858e-03
4.79757e+03 4.29938e-03
4.81015e+03 4.31481e-03
4.82273e+03 4.33538e-03
4.83531e+03 4.35605e-03
4.84789e+03 4.37681e-03
4.86047e+03 4.39767e-03
4.87305e+03 4.41865e-03
4.88563e+03 4.43979e-03
4.89821e+03 4.46007e-03
4.91079e+03 4.47287e-03
4.92337e+03 4.48263e-03
4.93595e+03 4.57489e-03
4.94853e+03 4.75738e-03
4.96111e+03 4.94062e-03
4.97369e+03 5.12476e-03
4.98626e+03 5.30800e-03
4.99884e+03 5.37302e-03
5.01142e+03 5.37685e-03
5.02400e+03 5.37925e-03
5.03658e+03 5.38165e-03
5.04916e+03 5.38405e-03
5.06174e+03 5.38645e-03
5.07432e+03 5.38885e-03
5.08690e+03 5.39124e-03
5.09948e+03 5.39364e-03
5.11206e+03 5.39589e-03
5.12464e+03 5.40428e-03
5.13722e+03 6.69905e-03
5.14980e+03 9.03117e-03
5.16238e+03 1.08112e-02
5.17496e+03 1.08160e-02
5.18754e+03 1.08208e-02
5.20012e+03 1.08255e-02
5.21270e+03 1.07911e-02
5.22528e+03 1.17686e-02
5.23786e+03 1.40583e-02
5.25044e+03 1.70224e-02
5.26302e+03 2.32640e-02
5.27560e+03 3.00478e-02
5.28818e+03 3.96922e-02
5.30076e+03 5.08717e-02
5.31334e+03 6.54032e-02
5.32592e+03 8.79556e-02
5.33850e+03 1.11994e-01
5.35108e+03 1.54547e-01
5.36366e+03 2.02608e-01
5.37624e+03 2.66180e-01
5.38882e+03 3.46383e-01
5.40140e+03 4.31861e-01
5.41398e+03 5.58508e-01
5.42656e+03 6.86842e-01
5.43914e+03 8.75314e-01
5.45172e+03 1.08707e+00
5.46430e+03 1.36531e+00
5.47688e+03 1.77598e+00
5.48946e+03 2.21253e+00
5.50204e+03 2.96087e+00
5.51461e+03 3.80308e+00
5.52719e+03 4.99080e+00
5.53977e+03 6.47336e+00
5.55235e+03 8.10073e+00
5.56493e+03 1.04862e+01
5.57751e+03 1.28836e+01
5.59009e+03 1.53711e+01
5.60267e+03 1.79020e+01
5.61525e+03 2.02331e+01
5.62783e+03 2.22653e+01
5.64041e+03 2.42504e+01
5.65299e+03 2.59542e+01
5.66557e+03 2.76017e+01
5.67815e+03 2.91589e+01
5.69073e+03 3.06515e+01
5.70331e+03 3.20758e+01
5.71589e+03 3.32857e+01
5.72847e+03 3.44715e+01
5.74105e+03 3.52886e+01
5.75363e+03 3.59782e+01
5.76621e+03 3.64476e+01
5.77879e+03 3.66431e+01
5.79137e+03 3.68104e+01
5.80395e+03 3.68380e+01
5.81653e+03 3.68738e+01
5.82911e+03 3.69296e+01
5.84169e+03 3.69971e+01
5.85427e+03 3.70650e+01
5.86685e+03 3.71335e+01
5.87943e+03 3.72029e+01
5.89201e+03 3.72795e+01
5.90459e+03 3.73585e+01
5.91717e+03 3.74114e+01
5.92975e+03 3.74360e+01
5.94233e+03 3.74590e+01
5.95491e+03 3.74702e+01
5.96749e+03 3.74833e+01
5.98007e+03 3.75508e+01
5.99265e+03 3.76437e+01
6.00523e+03 3.77470e+01
6.01781e+03 3.78944e+01
6.03039e+03 3.82796e+01
6.04297e+03 3.87512e+01
6.05554e+03 3.92264e+01
6.06812e+03 3.96450e+01
6.08070e+03 4.00138e+01
6.09328e+03 4.03583e+01
6.10586e+03 4.04396e+01
6.11844e+03 4.03373e+01
6.13102e+03 4.01620e+01
6.14360e+03 3.99581e+01
6.15618e+03 3.97422e+01
6.16876e+03 3.95079e+01
6.18134e+03 3.92777e+01
6.19392e+03 3.90710e+01
6.20650e+03 3.88686e+01
6.21908e+03 3.86822e+01
6.23166e+03 3.85044e+01
6.24424e+03 3.83528e+01
6.25682e+03 3.82846e+01
6.26940e+03 3.82226e+01
6.28198e+03 3.82286e+01
6.29456e+03 3.82556e+01
6.30714e+03 3.83101e+01
6.31972e+03 3.83977e+01
6.33230e+03 3.84869e+01
6.34488e+03 3.86257e+01
6.35746e+03 3.87642e+01
6.37004e+03 3.88935e+01
6.38262e+03 3.90203e+01
6.39520e+03 3.91195e+01
6.40778e+03 3.91673e+01
6.42036e+03 3.92095e+01
6.43294e+03 3.91371e+01
6.44552e+03 3.90336e+01
6.45810e+03 3.89026e+01
6.47068e+03 3.87415e+01
6.48326e+03 3.85850e+01
6.49584e+03 3.84568e+01
6.50842e+03 3.83086e+01
6.52100e+03 3.82007e+01
6.53358e+03 3.81156e+01
6.54616e+03 3.80485e+01
6.55874e+03 3.80131e+01
6.57132e+03 3.79845e+01
6.58390e+03 3.80133e+01
6.59647e+03 3.80531e+01
6.60905e+03 3.80597e+01
6.62163e+03 3.80464e+01
6.63421e+03 3.80160e+01
6.64679e+03 3.79205e+01
6.65937e+03 3.78226e+01
6.67195e+03 3.76867e+01
6.68453e+03 3.75377e+01
6.69711e+03 3.73630e+01
6.70969e+03 3.71515e+01
6.72227e+03 3.69514e+01
6.73485e+03 3.68212e+01
6.74743e+03 3.67042e+01
6.76001e+03 3.66361e+01
6.77259e+03 3.66012e+01
6.78517e+03 3.65899e+01
6.79775e+03 3.66367e+01
6.81033e+03 3.66447e+01
6.82291e+03 3.66112e+01
6.83549e+03 3.65712e+01
6.84807e+03 3.64144e+01
6.86065e+03 3.61263e+01
6.87323e+03 3.57970e+01
6.88581e+03 3.48344e+01
6.89839e+03 3.38587e+01
6.91097e+03 3.21695e+01
6.92355e+03 3.01179e+01
6.93613e+03 2.77568e+01
6.94871e+03 2.47148e+01
6.96129e+03 2.16927e+01
6.97387e+03 1.87120e+01
6.98645e+03 1.57513e+01
6.99903e+03 1.32377e+01
7.01161e+03 1.11656e+01
7.02419e+03 9.21095e+00
7.03677e+03 8.00021e+00
7.04935e+03 6.80974e+00
7.06193e+03 6.03838e+00
7.07451e+03 5.45348e+00
7.08709e+03 5.04068e+00
7.09967e+03 4.94652e+00
7.11225e+03 4.96535e+00
7.12482e+03 5.17438e+00
7.13740e+03 5.42505e+00
7.14998e+03 5.31519e+00
7.16256e+03 4.88912e+00
7.17514e+03 4.32278e+00
7.18772e+03 3.23610e+00
7.20030e+03 2.11795e+00
7.21288e+03 1.39584e+00
7.22546e+03 8.40561e-01
7.23804e+03 4.54916e-01
7.25062e+03 3.08565e-01
7.26320e+03 1.76011e-01
7.27578e+03 1.20731e-01
7.28836e+03 7.94293e-02
7.30094e+03 5.40731e-02
7.31352e+03 3.93394e-02
7.32610e+03 2.66723e-02
7.33868e+03 1.94731e-02
7.35126e+03 1.26185e-02
7.36384e+03 9.17163e-03
7.37642e+03 6.78122e-03
7.38900e+03 5.49475e-03
7.40158e+03 5.47965e-03
7.41416e+03 5.30713e-03
7.42674e+03 3.00954e-03
7.43932e+03 7.70237e-04
7.45190e+03 0.00000e+00
7.46448e+03 0.00000e+00
7.47706e+03 0.00000e+00
7.48964e+03 0.00000e+00
7.50222e+03 0.00000e+00
7.51480e+03 0.00000e+00
7.52738e+03 0.00000e+00
7.53996e+03 0.00000e+00
7.55254e+03 0.00000e+00
7.56512e+03 0.00000e+00
7.57770e+03 0.00000e+00
7.59028e+03 0.00000e+00
7.60286e+03 0.00000e+00
7.61544e+03 0.00000e+00
7.62802e+03 0.00000e+00
7.64060e+03 0.00000e+00
7.65318e+03 0.00000e+00
7.66575e+03 0.00000e+00
7.67833e+03 0.00000e+00
7.69091e+03 0.00000e+00
7.70349e+03 0.00000e+00
7.71607e+03 0.00000e+00
7.72865e+03 0.00000e+00
7.74123e+03 0.00000e+00
