# VLT-VST.OCam.sdss.g
# photon
# from FILTER.RES.DR34.latest
3.48793e+03 0.00000e+00
3.49748e+03 0.00000e+00
3.50703e+03 0.00000e+00
3.51658e+03 0.00000e+00
3.52613e+03 0.00000e+00
3.53568e+03 0.00000e+00
3.54523e+03 0.00000e+00
3.55477e+03 0.00000e+00
3.56432e+03 0.00000e+00
3.57387e+03 0.00000e+00
3.58342e+03 0.00000e+00
3.59297e+03 0.00000e+00
3.60252e+03 0.00000e+00
3.61207e+03 0.00000e+00
3.62162e+03 0.00000e+00
3.63117e+03 0.00000e+00
3.64072e+03 0.00000e+00
3.65026e+03 0.00000e+00
3.65981e+03 0.00000e+00
3.66936e+03 0.00000e+00
3.67891e+03 0.00000e+00
3.68846e+03 0.00000e+00
3.69801e+03 0.00000e+00
3.70756e+03 -6.81302e-06
3.71711e+03 1.11663e-04
3.72666e+03 7.68915e-04
3.73620e+03 1.55498e-03
3.74575e+03 2.51171e-03
3.75530e+03 4.68151e-03
3.76485e+03 7.30255e-03
3.77440e+03 1.01618e-02
3.78395e+03 1.57868e-02
3.79350e+03 2.30804e-02
3.80305e+03 3.06397e-02
3.81260e+03 3.62723e-02
3.82215e+03 3.76895e-02
3.83169e+03 3.40870e-02
3.84124e+03 3.64113e-02
3.85079e+03 4.01065e-02
3.86034e+03 4.34425e-02
3.86989e+03 5.20123e-02
3.87944e+03 7.62610e-02
3.88899e+03 1.00930e-01
3.89854e+03 1.38231e-01
3.90809e+03 2.15294e-01
3.91763e+03 2.99236e-01
3.92718e+03 4.05259e-01
3.93673e+03 6.17562e-01
3.94628e+03 8.61724e-01
3.95583e+03 1.12447e+00
3.96538e+03 1.51440e+00
3.97493e+03 1.96661e+00
3.98448e+03 2.43451e+00
3.99403e+03 3.04586e+00
4.00358e+03 3.74129e+00
4.01312e+03 4.41892e+00
4.02267e+03 5.48402e+00
4.03222e+03 6.90226e+00
4.04177e+03 8.32993e+00
4.05132e+03 1.00168e+01
4.06087e+03 1.21061e+01
4.07042e+03 1.42267e+01
4.07997e+03 1.61407e+01
4.08952e+03 1.75863e+01
4.09906e+03 1.90123e+01
4.10861e+03 2.02194e+01
4.11816e+03 2.07718e+01
4.12771e+03 2.12450e+01
4.13726e+03 2.17213e+01
4.14681e+03 2.19413e+01
4.15636e+03 2.21501e+01
4.16591e+03 2.23566e+01
4.17546e+03 2.24821e+01
4.18501e+03 2.25725e+01
4.19455e+03 2.26675e+01
4.20410e+03 2.29563e+01
4.21365e+03 2.33891e+01
4.22320e+03 2.38282e+01
4.23275e+03 2.42171e+01
4.24230e+03 2.45496e+01
4.25185e+03 2.48866e+01
4.26140e+03 2.51439e+01
4.27095e+03 2.52400e+01
4.28049e+03 2.53258e+01
4.29004e+03 2.55249e+01
4.29959e+03 2.59693e+01
4.30914e+03 2.64116e+01
4.31869e+03 2.68177e+01
4.32824e+03 2.69212e+01
4.33779e+03 2.70254e+01
4.34734e+03 2.71261e+01
4.35689e+03 2.72058e+01
4.36644e+03 2.72792e+01
4.37598e+03 2.73557e+01
4.38553e+03 2.74738e+01
4.39508e+03 2.76122e+01
4.40463e+03 2.77278e+01
4.41418e+03 2.79404e+01
4.42373e+03 2.82495e+01
4.43328e+03 2.85611e+01
4.44283e+03 2.87353e+01
4.45238e+03 2.87450e+01
4.46192e+03 2.87558e+01
4.47147e+03 2.87459e+01
4.48102e+03 2.87029e+01
4.49057e+03 2.86544e+01
4.50012e+03 2.86422e+01
4.50967e+03 2.87616e+01
4.51922e+03 2.88822e+01
4.52877e+03 2.90236e+01
4.53832e+03 2.92364e+01
4.54787e+03 2.94677e+01
4.55741e+03 2.96759e+01
4.56696e+03 2.97228e+01
4.57651e+03 2.97183e+01
4.58606e+03 2.97273e+01
4.59561e+03 2.99240e+01
4.60516e+03 3.01891e+01
4.61471e+03 3.04291e+01
4.62426e+03 3.06356e+01
4.63381e+03 3.08179e+01
4.64335e+03 3.10101e+01
4.65290e+03 3.09615e+01
4.66245e+03 3.06583e+01
4.67200e+03 3.03403e+01
4.68155e+03 3.01919e+01
4.69110e+03 3.04262e+01
4.70065e+03 3.06558e+01
4.71020e+03 3.08455e+01
4.71975e+03 3.10660e+01
4.72930e+03 3.12952e+01
4.73884e+03 3.14907e+01
4.74839e+03 3.15568e+01
4.75794e+03 3.15983e+01
4.76749e+03 3.16410e+01
4.77704e+03 3.15983e+01
4.78659e+03 3.15456e+01
4.79614e+03 3.14954e+01
4.80569e+03 3.15459e+01
4.81524e+03 3.16628e+01
4.82478e+03 3.17800e+01
4.83433e+03 3.18793e+01
4.84388e+03 3.19639e+01
4.85343e+03 3.20477e+01
4.86298e+03 3.21730e+01
4.87253e+03 3.23514e+01
4.88208e+03 3.25306e+01
4.89163e+03 3.27330e+01
4.90118e+03 3.29747e+01
4.91073e+03 3.31813e+01
4.92027e+03 3.33196e+01
4.92982e+03 3.35053e+01
4.93937e+03 3.43591e+01
4.94892e+03 3.53595e+01
4.95847e+03 3.64316e+01
4.96802e+03 3.75140e+01
4.97757e+03 3.85918e+01
4.98712e+03 3.95553e+01
4.99667e+03 3.98468e+01
5.00621e+03 3.97843e+01
5.01576e+03 3.96446e+01
5.02531e+03 3.94722e+01
5.03486e+03 3.92991e+01
5.04441e+03 3.90744e+01
5.05396e+03 3.88032e+01
5.06351e+03 3.85306e+01
5.07306e+03 3.84096e+01
5.08261e+03 3.85005e+01
5.09216e+03 3.85889e+01
5.10170e+03 3.87128e+01
5.11125e+03 3.89063e+01
5.12080e+03 3.91117e+01
5.13035e+03 3.92850e+01
5.13990e+03 3.92830e+01
5.14945e+03 3.92819e+01
5.15900e+03 3.92409e+01
5.16855e+03 3.90110e+01
5.17810e+03 3.87433e+01
5.18764e+03 3.84317e+01
5.19719e+03 3.77392e+01
5.20674e+03 3.68971e+01
5.21629e+03 3.60698e+01
5.22584e+03 3.55007e+01
5.23539e+03 3.50893e+01
5.24494e+03 3.46805e+01
5.25449e+03 3.47208e+01
5.26404e+03 3.51447e+01
5.27359e+03 3.55703e+01
5.28313e+03 3.59746e+01
5.29268e+03 3.63491e+01
5.30223e+03 3.67440e+01
5.31178e+03 3.69095e+01
5.32133e+03 3.65014e+01
5.33088e+03 3.60984e+01
5.34043e+03 3.53211e+01
5.34998e+03 3.31808e+01
5.35953e+03 3.08157e+01
5.36907e+03 2.82454e+01
5.37862e+03 2.47170e+01
5.38817e+03 2.09417e+01
5.39772e+03 1.71347e+01
5.40727e+03 1.42670e+01
5.41682e+03 1.15629e+01
5.42637e+03 8.87817e+00
5.43592e+03 7.01916e+00
5.44547e+03 5.67493e+00
5.45502e+03 4.31242e+00
5.46456e+03 3.33523e+00
5.47411e+03 2.72254e+00
5.48366e+03 2.11143e+00
5.49321e+03 1.63047e+00
5.50276e+03 1.36431e+00
5.51231e+03 1.10618e+00
5.52186e+03 8.77612e-01
5.53141e+03 7.52051e-01
5.54096e+03 6.25104e-01
5.55050e+03 5.10950e-01
5.56005e+03 4.39013e-01
5.56960e+03 3.74495e-01
5.57915e+03 3.11428e-01
5.58870e+03 2.73714e-01
5.59825e+03 2.38916e-01
5.60780e+03 2.04482e-01
5.61735e+03 1.79854e-01
5.62690e+03 1.59441e-01
5.63645e+03 1.39200e-01
5.64599e+03 1.23165e-01
5.65554e+03 1.09855e-01
5.66509e+03 9.65156e-02
5.67464e+03 8.54423e-02
5.68419e+03 7.69689e-02
5.69374e+03 6.84909e-02
5.70329e+03 6.06633e-02
5.71284e+03 5.40237e-02
5.72239e+03 4.73272e-02
5.73193e+03 4.15591e-02
5.74148e+03 3.79185e-02
5.75103e+03 3.45406e-02
5.76058e+03 3.11737e-02
5.77013e+03 2.78620e-02
5.77968e+03 2.45574e-02
5.78923e+03 2.13832e-02
5.79878e+03 1.93729e-02
5.80833e+03 1.76869e-02
5.81788e+03 1.61112e-02
5.82742e+03 1.56400e-02
5.83697e+03 1.56458e-02
5.84652e+03 1.56226e-02
5.85607e+03 1.46723e-02
5.86562e+03 1.30009e-02
5.87517e+03 1.13250e-02
5.88472e+03 1.04495e-02
5.89427e+03 1.04533e-02
5.90382e+03 1.04877e-02
5.91336e+03 9.88971e-03
5.92291e+03 8.27417e-03
5.93246e+03 6.54436e-03
5.94201e+03 5.23612e-03
5.95156e+03 5.23801e-03
5.96111e+03 5.23991e-03
5.97066e+03 5.24180e-03
5.98021e+03 5.24369e-03
5.98976e+03 5.26710e-03
5.99931e+03 5.11362e-03
6.00885e+03 3.81185e-03
6.01840e+03 2.12588e-03
6.02795e+03 5.31943e-04
6.03750e+03 0.00000e+00
6.04705e+03 0.00000e+00
6.05660e+03 0.00000e+00
6.06615e+03 0.00000e+00
6.07570e+03 0.00000e+00
6.08525e+03 0.00000e+00
6.09479e+03 0.00000e+00
6.10434e+03 0.00000e+00
6.11389e+03 0.00000e+00
